50000
0.12524066 0.02314351 0.02942305 0.10657900 0.71561378
0.04599036 0.28501223 0.37386390 0.14603149 0.14910202
0.12219054 0.08269921 0.42517723 0.05038037 0.31955266
0.06670199 0.35851589 0.22396268 0.27928703 0.07153241
0.16503712 0.29714013 0.25405480 0.03693888 0.24682907
0.03187733 0.00810610 0.10757112 0.29067893 0.56176652
0.26135649 0.15990361 0.17694543 0.00317264 0.39862182
0.19696219 0.04001410 0.08937273 0.63152895 0.04212202
0.00158828 0.27888171 0.02065189 0.12989129 0.56898684
0.10351396 0.01196318 0.41441503 0.41743848 0.05266935
0.13130324 0.25324728 0.52121096 0.09056582 0.00367270
0.76266439 0.05408041 0.07772576 0.07277720 0.03275223
0.11948700 0.04403968 0.21087240 0.42019136 0.20540957
0.06471827 0.21652812 0.18177099 0.31003993 0.22694270
0.19736495 0.07934693 0.29608998 0.30911725 0.11808089
0.14950517 0.03191316 0.14251355 0.05991260 0.61615552
0.62756914 0.17337691 0.13298014 0.00115193 0.06492188
0.13364157 0.18405741 0.11450597 0.50866364 0.05913142
0.19147556 0.13411278 0.08103119 0.14655289 0.44682758
0.17229145 0.06363241 0.19662177 0.39957354 0.16788083
0.14039008 0.27589516 0.10775166 0.35736122 0.11860187
0.01366570 0.28723649 0.03145604 0.39253069 0.27511107
0.18206382 0.00148413 0.60635530 0.05865941 0.15143734
0.19366084 0.41049376 0.05318807 0.21831841 0.12433891
0.37814743 0.00103003 0.38739816 0.18692168 0.04650270
0.28391770 0.16764090 0.42179275 0.01972192 0.10692674
0.01609810 0.05699290 0.51689287 0.15053280 0.25948333
0.77122346 0.03520018 0.00684687 0.00917765 0.17755184
0.07334506 0.62314883 0.05479953 0.00505286 0.24365372
0.73977220 0.06234485 0.02748846 0.11677094 0.05362355
0.17400958 0.44921250 0.12291488 0.21719754 0.03666550
0.02190432 0.60961467 0.20767039 0.02313231 0.13767831
0.19099840 0.06049927 0.12530064 0.52478866 0.09841304
0.21196219 0.09004825 0.14497158 0.16089485 0.39212312
0.27668618 0.38457924 0.03340221 0.14509698 0.16023539
0.24970499 0.13896279 0.20633868 0.20858956 0.19640397
0.14037111 0.38738304 0.10182242 0.27377233 0.09665110
0.14557500 0.03565460 0.68016282 0.10039370 0.03821387
0.25441133 0.67321199 0.02389765 0.02694033 0.02153870
0.01356920 0.44929175 0.29921350 0.09238583 0.14553972
0.15738446 0.08170556 0.37851346 0.23459380 0.14780273
0.01483286 0.06250247 0.08573165 0.02904920 0.80788381
0.12328497 0.76652144 0.04140071 0.02361141 0.04518147
0.07473821 0.01260400 0.10713290 0.53905031 0.26647457
0.00228003 0.06952782 0.54486944 0.05891000 0.32441270
0.00507262 0.05196053 0.67563027 0.00546738 0.26186920
0.14131730 0.09623863 0.16637820 0.50554163 0.09052425
0.10655772 0.54057442 0.06439959 0.03333682 0.25513145
0.17475583 0.10277626 0.51912022 0.01747599 0.18587170
0.10027105 0.15254908 0.21248993 0.15862656 0.37606339
0.24231067 0.38087471 0.01434924 0.03400561 0.32845977
0.48764480 0.07585411 0.09419747 0.03256981 0.30973381
0.45617486 0.01275714 0.27634201 0.23474044 0.01998555
0.09110825 0.20569484 0.38194984 0.03275024 0.28849683
0.21135464 0.09002516 0.17010561 0.02346639 0.50504819
0.45643031 0.31099327 0.04785878 0.03054422 0.15417342
0.20972648 0.51448242 0.03881411 0.12877393 0.10820306
0.21805197 0.21110483 0.08882465 0.38425933 0.09775922
0.26615531 0.03441482 0.40898874 0.20387714 0.08656398
0.06286326 0.17686621 0.23952123 0.20816034 0.31258895
0.23612764 0.11262023 0.06579436 0.10934761 0.47611015
0.09588384 0.18058217 0.16583764 0.23730119 0.32039517
0.10149235 0.02366196 0.70712723 0.14251739 0.02520107
0.04289828 0.08690097 0.17047511 0.18365644 0.51606920
0.62646024 0.13594762 0.09932007 0.03678113 0.10149094
0.13045412 0.04007450 0.12736020 0.14185803 0.56025315
0.07674937 0.78042782 0.02129557 0.08809893 0.03342831
0.01969285 0.42551373 0.06048771 0.02967761 0.46462810
0.11918951 0.05456557 0.15251644 0.20657442 0.46715406
0.10662859 0.10326095 0.21520623 0.02375291 0.55115132
0.24313494 0.12887318 0.03271656 0.36685439 0.22842094
0.28752080 0.15670923 0.10111606 0.38948163 0.06517228
0.19736456 0.49511693 0.00575415 0.14302563 0.15873873
0.05829977 0.19342829 0.10181467 0.36756852 0.27888875
0.54584950 0.10029652 0.03419931 0.21327395 0.10638072
0.10328959 0.13390338 0.11865685 0.64362642 0.00052376
0.06178269 0.22054860 0.23021245 0.19493608 0.29252019
0.33356873 0.10600288 0.20278457 0.12058413 0.23705968
0.66452969 0.08713253 0.03598136 0.14059517 0.07176124
0.15480557 0.10219950 0.00236850 0.27237277 0.46825367
0.15568699 0.27708652 0.22931550 0.11661543 0.22129556
0.08338697 0.52711502 0.04768454 0.14186771 0.19994577
0.24054733 0.26626478 0.16910168 0.07677202 0.24731419
0.21365590 0.15129811 0.25727812 0.29887700 0.07889087
0.14843920 0.03871352 0.46269416 0.28060635 0.06954678
0.50580018 0.07337439 0.05787567 0.18284108 0.18010869
0.45093553 0.19170372 0.13348374 0.08612039 0.13775661
0.12041499 0.04881998 0.09573042 0.38948411 0.34555050
0.08042968 0.02284882 0.11302389 0.05290608 0.73079153
0.24577681 0.50881740 0.14212646 0.01324025 0.09003908
0.08265781 0.12221704 0.07821691 0.69614337 0.02076487
0.25736342 0.21791230 0.07359184 0.30685767 0.14427477
0.23050863 0.27961668 0.18780526 0.06083212 0.24123730
0.06989682 0.01695578 0.68141304 0.12901554 0.10271882
0.26314551 0.01458130 0.12723094 0.46375178 0.13129046
0.15682377 0.14971751 0.09507231 0.37913520 0.21925121
0.41943874 0.03592282 0.12413717 0.16086917 0.25963210
0.03283258 0.26221897 0.19002721 0.43572240 0.07919883
0.30341081 0.00737577 0.43998285 0.11990315 0.12932742
0.06981905 0.17433169 0.15000029 0.13041261 0.47543636
0.21878370 0.19580525 0.03050197 0.21795694 0.33695214
0.30348201 0.28810334 0.00802436 0.15386059 0.24652970
0.51820162 0.19068265 0.11598498 0.00314335 0.17198739
0.01462223 0.18704876 0.21099216 0.42077314 0.16656371
0.25695298 0.04100379 0.11471084 0.10701641 0.48031598
0.11833655 0.22518966 0.07764939 0.16242342 0.41640097
0.02796146 0.01074339 0.09792542 0.47716061 0.38620912
0.27935496 0.10222091 0.44853632 0.07204598 0.09784183
0.21697773 0.20378195 0.01132833 0.35753289 0.21037909
0.13651120 0.29318267 0.20859812 0.05748790 0.30422010
0.13554995 0.15490298 0.25823523 0.20701990 0.24429194
0.32883643 0.08451663 0.00572942 0.04416392 0.53675361
0.12660874 0.10616246 0.41883950 0.24502826 0.10336104
0.57880868 0.03114073 0.11396934 0.03626148 0.23981977
0.15780941 0.17873234 0.04736538 0.24075517 0.37533769
0.16425640 0.15522617 0.10130027 0.40609905 0.17311812
0.13363260 0.03067555 0.27118839 0.09501572 0.46948774
0.12462362 0.15126490 0.02569848 0.34247887 0.35593414
0.51059648 0.01475156 0.10804621 0.25690993 0.10969582
0.01059299 0.08896943 0.22293516 0.40924269 0.26825973
0.13170499 0.05828577 0.10285801 0.38379660 0.32335462
0.00632350 0.71284817 0.06469350 0.00566870 0.21046613
0.41922153 0.06734474 0.32943450 0.00152653 0.18247270
0.08940006 0.02823298 0.12896532 0.33583474 0.41756689
0.37584559 0.13322401 0.21816279 0.01699436 0.25577326
0.02140185 0.46473747 0.38526050 0.03618600 0.09241418
0.07874619 0.00539972 0.24700301 0.16352493 0.50532615
0.53584626 0.00062835 0.13457570 0.32003311 0.00891658
0.28900455 0.19677991 0.20900846 0.08143390 0.22377319
0.05378357 0.06551211 0.19737826 0.62682337 0.05650269
0.24994555 0.22141063 0.20926715 0.23098557 0.08839110
0.17347222 0.02823194 0.59170531 0.01722095 0.18936958
0.61843213 0.21657571 0.02543198 0.05277504 0.08678514
0.04789491 0.05998320 0.32704670 0.18791371 0.37716148
0.31787494 0.06237370 0.03808212 0.08455559 0.49711365
0.22710280 0.01039912 0.13996466 0.58809857 0.03443485
0.19770144 0.48974434 0.09841919 0.06681363 0.14732140
0.22780899 0.43770606 0.00624643 0.14124063 0.18699790
0.36930414 0.16498003 0.16258725 0.21555397 0.08757461
0.05126667 0.21023212 0.39569193 0.02113645 0.32167283
0.06971013 0.24848875 0.19363650 0.23658815 0.25157647
0.00294800 0.17663485 0.41461217 0.38580061 0.02000437
0.25482411 0.26226877 0.00980435 0.43203975 0.04106301
0.08404260 0.05364888 0.54221279 0.16060129 0.15949443
0.00401319 0.39688970 0.17211650 0.26630959 0.16067102
0.02094186 0.22696718 0.29360402 0.03605974 0.42242719
0.09971199 0.37404180 0.02796439 0.30145358 0.19682824
0.04357380 0.10851371 0.34121686 0.05796134 0.44873430
0.00081101 0.22538040 0.07098709 0.63398602 0.06883548
0.23246932 0.05062995 0.10609062 0.44304450 0.16776560
0.35398756 0.17064902 0.12677889 0.02986422 0.31872030
0.13940720 0.20611983 0.28355028 0.25596286 0.11495982
0.02277678 0.22125220 0.17849496 0.02574968 0.55172639
0.45327659 0.20598442 0.04609681 0.24421984 0.05042234
0.06856209 0.13499612 0.21931050 0.47407953 0.10305177
0.35284246 0.36522799 0.14004579 0.12021326 0.02167049
0.58028551 0.00184643 0.02703270 0.24787701 0.14295836
0.10707400 0.00852965 0.38504448 0.15905280 0.34029907
0.11034161 0.20588646 0.12069522 0.03119578 0.53188093
0.05614211 0.30981999 0.23221310 0.25542435 0.14640045
0.10922149 0.33946338 0.17908314 0.28723455 0.08499745
0.27308128 0.14614422 0.00347213 0.03801110 0.53929127
0.46499229 0.06933849 0.06374798 0.09493974 0.30698151
0.01378173 0.08667814 0.24873228 0.55166963 0.09913822
0.11530565 0.16704414 0.09617281 0.02820768 0.59326973
0.09547871 0.49190217 0.08057087 0.02871741 0.30333083
0.26481730 0.10863776 0.12284666 0.06124869 0.44244959
0.02196483 0.09987026 0.45365301 0.40041210 0.02409980
0.12086120 0.00637264 0.29806548 0.40736935 0.16733132
0.19142359 0.05259796 0.06629972 0.41585112 0.27382763
0.04981551 0.38357567 0.52519360 0.00679770 0.03461751
0.16453880 0.05774162 0.25704633 0.47584950 0.04482375
0.64670618 0.06795821 0.12444702 0.00974318 0.15114541
0.19852917 0.05620013 0.34084695 0.00985785 0.39456590
0.20355341 0.13850522 0.34941092 0.23357928 0.07495118
0.49559679 0.13331348 0.27769692 0.00295725 0.09043555
0.01729624 0.36276919 0.26724724 0.16052322 0.19216411
0.26718150 0.09168536 0.07425457 0.26162400 0.30525457
0.68604777 0.02168198 0.01575108 0.09753705 0.17898211
0.25723561 0.25165767 0.13040438 0.23681762 0.12388473
0.34806916 0.24164447 0.13444090 0.19232190 0.08352356
0.09177744 0.27931105 0.21035148 0.19298997 0.22557007
0.04281571 0.18009736 0.32722661 0.06517948 0.38468084
0.21781804 0.02306890 0.16696816 0.11137019 0.48077471
0.13977061 0.17331952 0.46327090 0.11920232 0.10443665
0.18222897 0.24355700 0.16084557 0.32588514 0.08748333
0.08639280 0.03762751 0.08595975 0.66200555 0.12801439
0.25163792 0.06868734 0.10103278 0.11838119 0.46026077
0.18498886 0.01585667 0.23812051 0.33147391 0.22956005
0.03100307 0.18823587 0.52687717 0.01390170 0.23998218
0.37996047 0.23809233 0.14523160 0.20935055 0.02736504
0.19193977 0.07550147 0.12771338 0.46382991 0.14101546
0.23383218 0.19591787 0.09966412 0.04681781 0.42376803
0.34536426 0.01295687 0.11969021 0.14502086 0.37696781
0.10852911 0.61901662 0.12078547 0.03637773 0.11529108
0.23277283 0.14693145 0.08696513 0.02559777 0.50773283
0.13070586 0.03957210 0.32031023 0.44264319 0.06676862
0.07616009 0.57502481 0.28101241 0.02019422 0.04760848
0.39767727 0.00335812 0.21227279 0.31865471 0.06803711
0.38169474 0.06319454 0.31838697 0.13664724 0.10007651
0.14817328 0.12430815 0.12658936 0.49073513 0.11019407
0.21592553 0.04278771 0.19393528 0.35954881 0.18780267
0.53057052 0.04648856 0.22045116 0.00423526 0.19825450
0.37567934 0.23003488 0.05104364 0.23598957 0.10725258
0.21355705 0.19480897 0.25598001 0.11551632 0.22013765
0.05808887 0.60063657 0.00520403 0.11929938 0.21677116
0.01961126 0.05316147 0.18971640 0.31156752 0.42594335
0.36755039 0.19264376 0.31979712 0.00649601 0.11351272
0.86712304 0.04960861 0.05160407 0.00577437 0.02588991
0.27618418 0.15451190 0.02225899 0.01103277 0.53601216
0.01556384 0.61231949 0.02564522 0.22055189 0.12591956
0.04302626 0.21222366 0.37858473 0.14365667 0.22250867
0.17536907 0.06087300 0.08639449 0.61814576 0.05921768
0.70946663 0.10067969 0.03365465 0.05229251 0.10390652
0.05680764 0.15219550 0.29587621 0.13008976 0.36503089
0.14660809 0.28111922 0.32256742 0.06475491 0.18495037
0.32428040 0.40857048 0.01649057 0.03265258 0.21800597
0.06966176 0.10327524 0.16485439 0.43860670 0.22360191
0.43788682 0.17305494 0.06131464 0.24093257 0.08681103
0.08011406 0.11218526 0.41101361 0.36856594 0.02812113
0.35665217 0.07250768 0.15918940 0.07742706 0.33422369
0.16171625 0.08707343 0.55428424 0.14674207 0.05018402
0.01679081 0.25656022 0.24284563 0.12530972 0.35849361
0.14549158 0.46071663 0.21938889 0.09317638 0.08122652
0.18726746 0.25319936 0.19165492 0.25345272 0.11442555
0.01818045 0.20401929 0.48131200 0.20186102 0.09462725
0.07942154 0.17127151 0.10407878 0.34309956 0.30212862
0.05680197 0.21980813 0.10839304 0.55087876 0.06411810
0.21359587 0.02828492 0.32445824 0.37763987 0.05602110
0.04107739 0.08122285 0.00457261 0.13754394 0.73558321
0.00231035 0.51413076 0.37664323 0.09016973 0.01674593
0.14301647 0.70131037 0.13031233 0.02264279 0.00271804
0.32522177 0.21528617 0.20031337 0.04213289 0.21704580
0.06829821 0.10048058 0.40166494 0.28086912 0.14868716
0.12493766 0.39023397 0.17503780 0.30192393 0.00786665
0.11730972 0.16672047 0.35693531 0.27565880 0.08337570
0.44072599 0.10907192 0.07327973 0.15300646 0.22391590
0.25972921 0.15464826 0.37861697 0.13820024 0.06880531
0.03031742 0.08356020 0.29213664 0.25156267 0.34242308
0.31584051 0.16529636 0.20901550 0.19327326 0.11657436
0.31641454 0.16222625 0.18000571 0.06880862 0.27254488
0.00291240 0.00577002 0.41377907 0.07770811 0.49983040
0.28850746 0.19858666 0.12338384 0.21603912 0.17348291
0.02622211 0.32252671 0.01227626 0.11417063 0.52480429
0.01019791 0.25069911 0.13588807 0.37749804 0.22571688
0.23178384 0.29113117 0.13469576 0.04996429 0.29242494
0.12934930 0.06314985 0.07132178 0.19854277 0.53763630
0.00690526 0.22128116 0.29377533 0.13043856 0.34759969
0.24048111 0.38512165 0.18381267 0.02646841 0.16411616
0.09420281 0.24521060 0.03656457 0.48856944 0.13545257
0.40943356 0.06048411 0.18698390 0.23011359 0.11298484
0.24932757 0.07925390 0.05454719 0.59089807 0.02597327
0.62642642 0.05777066 0.00847343 0.04565001 0.26167949
0.03127598 0.31257794 0.14999666 0.44788232 0.05826712
0.00322859 0.03755772 0.44510496 0.18249035 0.33161838
0.57735046 0.03869836 0.03357878 0.00293870 0.34743371
0.13419176 0.11008662 0.45904405 0.26615352 0.03052406
0.31973219 0.16519826 0.11509945 0.02211623 0.37785387
0.13534368 0.11453877 0.28069555 0.46775728 0.00166472
0.01559705 0.70850619 0.02876240 0.02110807 0.22602628
0.38104671 0.05289925 0.43628542 0.11795706 0.01181156
0.13468991 0.38010807 0.27922943 0.19059628 0.01537632
0.10839608 0.39193882 0.18150399 0.29869236 0.01946875
0.02138571 0.47469979 0.15492212 0.18818390 0.16080848
0.21574116 0.09567828 0.10339353 0.01375189 0.57143514
0.33350419 0.10048937 0.36602330 0.03241344 0.16756970
0.15203951 0.11518496 0.29834416 0.34436246 0.09006891
0.27225629 0.22896096 0.38954234 0.07388194 0.03535847
0.19078278 0.03648309 0.29366882 0.41055249 0.06851281
0.02193357 0.21437923 0.24713898 0.03685318 0.47969504
0.27409640 0.11395866 0.21772076 0.32576765 0.06845652
0.00594003 0.24200428 0.48145564 0.15980943 0.11079063
0.09752489 0.39995105 0.10262873 0.06176726 0.33812807
0.06402998 0.22718137 0.47917302 0.10184029 0.12777534
0.53411564 0.11603115 0.01131948 0.07310736 0.26542637
0.01776292 0.03025080 0.22670213 0.42925568 0.29602846
0.46083988 0.13148168 0.23133523 0.07985253 0.09649068
0.25290117 0.08745574 0.32304074 0.13943729 0.19716506
0.04429763 0.14471622 0.22200006 0.40689058 0.18209551
0.42639797 0.13878976 0.10103208 0.12216120 0.21161899
0.41301772 0.00632842 0.00611119 0.16925648 0.40528619
0.28076605 0.18262088 0.04481131 0.15879920 0.33300256
0.70581584 0.04681739 0.17683824 0.05106797 0.01946055
0.10220543 0.33863588 0.21200729 0.14333176 0.20381964
0.78314323 0.02328876 0.08933304 0.01683458 0.08740039
0.28122648 0.02654585 0.15747000 0.37093305 0.16382462
0.19927183 0.12716246 0.15550983 0.13135973 0.38669614
0.43913293 0.18208690 0.01685023 0.26954167 0.09238827
0.07268755 0.58862474 0.17248058 0.09024220 0.07596493
0.26875150 0.29163487 0.18647918 0.07261449 0.18051996
0.28040775 0.04402702 0.39788131 0.18587051 0.09181342
0.46711637 0.15505552 0.09738671 0.17822259 0.10221881
0.36720818 0.14209308 0.24234495 0.04842857 0.19992522
0.08669592 0.00626760 0.53878438 0.33188982 0.03636228
0.15959198 0.10171530 0.23834003 0.06061554 0.43973714
0.32249294 0.03070559 0.06798889 0.10284862 0.47596395
0.12628705 0.44712608 0.03240905 0.29307240 0.10110541
0.02744943 0.18983995 0.01716756 0.33821894 0.42732413
0.10665574 0.07329783 0.22886091 0.54073848 0.05044704
0.02283257 0.06392980 0.82461574 0.06338621 0.02523569
0.03435490 0.04074692 0.39271828 0.18843712 0.34374278
0.04764655 0.34698331 0.16184916 0.33421225 0.10930872
0.06911389 0.03173133 0.88886623 0.00804094 0.00224761
0.01248921 0.49527424 0.28943127 0.17386439 0.02894089
0.01020926 0.40244578 0.27084449 0.02025145 0.29624901
0.10211571 0.14704960 0.11929673 0.54030702 0.09123094
0.08874219 0.00119302 0.33086069 0.01999376 0.55921035
0.13762838 0.12178960 0.03645073 0.44153849 0.26259280
0.70177634 0.18139693 0.02487570 0.02357464 0.06837639
0.12839780 0.23377170 0.21203863 0.39647577 0.02931610
0.03109617 0.12544608 0.46652426 0.18810059 0.18883291
0.13903374 0.59978640 0.02348726 0.09651621 0.14117640
0.38886021 0.23030401 0.26478434 0.00169038 0.11436106
0.03137599 0.45110800 0.06957037 0.00259076 0.44535489
0.38767459 0.21814599 0.32740193 0.02974735 0.03703014
0.45124878 0.13414580 0.12102092 0.19090155 0.10268295
0.08166697 0.25793168 0.64528675 0.01312559 0.00198902
0.10126734 0.31982731 0.29394891 0.27573062 0.00922581
0.09487862 0.67833330 0.12746376 0.03906202 0.06026230
0.01970436 0.08690914 0.28534217 0.56351664 0.04452768
0.22734567 0.24477409 0.31696718 0.08466143 0.12625162
0.03578646 0.13810027 0.58757260 0.12139555 0.11714512
0.50506247 0.07048218 0.01398079 0.02315901 0.38731555
0.04317645 0.26252792 0.08110185 0.40700662 0.20618717
0.09297647 0.31502029 0.44886969 0.08619878 0.05693477
0.04109548 0.26119169 0.52183304 0.12864578 0.04723402
0.46068152 0.06227585 0.10227562 0.26885585 0.10591115
0.05467983 0.37094770 0.09333924 0.18996030 0.29107293
0.37601674 0.00749720 0.55427097 0.02138496 0.04083013
0.17183047 0.28629727 0.21244088 0.09180033 0.23763105
0.15433775 0.04184004 0.33996348 0.20288731 0.26097141
0.17653419 0.00501660 0.23136989 0.33493863 0.25214069
0.11281851 0.46156313 0.17240158 0.10118101 0.15203576
0.09113206 0.06799015 0.13798416 0.68571850 0.01717512
0.08924585 0.18422802 0.35836946 0.03862627 0.32953039
0.32281263 0.50411003 0.02053775 0.13207397 0.02046561
0.00962494 0.15472215 0.00564900 0.58095058 0.24905333
0.26224704 0.16788695 0.03226999 0.41287357 0.12472245
0.12636667 0.24199184 0.29541297 0.11404197 0.22218654
0.28949741 0.22117139 0.09034036 0.12807822 0.27091262
0.03923434 0.17934438 0.12461386 0.29293908 0.36386833
0.18503096 0.24937807 0.13658048 0.06406914 0.36494135
0.04577749 0.08387549 0.49398223 0.17809644 0.19826834
0.05521909 0.38563914 0.46007072 0.01385641 0.08521464
0.07893197 0.14452314 0.12362126 0.22240348 0.43052016
0.01500388 0.09470746 0.24552356 0.49903517 0.14572993
0.54011895 0.05607081 0.28434347 0.10307349 0.01639327
0.39331933 0.04477149 0.24813032 0.28589982 0.02787903
0.23016570 0.23895042 0.19452208 0.27072330 0.06563851
0.10664706 0.23095707 0.11231472 0.14094894 0.40913221
0.33877587 0.07878420 0.07024709 0.47132769 0.04086514
0.24757528 0.09437717 0.56310049 0.03256640 0.06238066
0.17538659 0.03550010 0.05433926 0.04727683 0.68749721
0.14667506 0.15677434 0.36840281 0.15174037 0.17640743
0.15633660 0.43112934 0.05560623 0.34373867 0.01318916
0.12390404 0.02559887 0.42675513 0.05085117 0.37289080
0.32716995 0.00576551 0.04280449 0.06793777 0.55632229
0.15738913 0.04388719 0.57932124 0.13457231 0.08483012
0.06324161 0.60929769 0.03305481 0.23862376 0.05578212
0.01831220 0.29247056 0.15663980 0.21360113 0.31897632
0.15142732 0.73786503 0.04302674 0.04667359 0.02100733
0.08017891 0.52648245 0.33324810 0.04711274 0.01297780
0.52536563 0.15466245 0.14920183 0.07785468 0.09291542
0.02023592 0.12234078 0.18482436 0.44208281 0.23051613
0.20088885 0.27098543 0.17092555 0.11835846 0.23884171
0.05113347 0.59162501 0.02315525 0.27512543 0.05896084
0.25146940 0.36414452 0.22129625 0.11222604 0.05086379
0.01412574 0.01843358 0.06955082 0.36567769 0.53221217
0.00239606 0.15128480 0.11748599 0.08324604 0.64558711
0.08606760 0.19919905 0.56556205 0.10578612 0.04338518
0.31069137 0.12190340 0.11774553 0.06800932 0.38165037
0.03556994 0.30335396 0.12541443 0.38229770 0.15336397
0.24735709 0.02646246 0.26688708 0.21887698 0.24041639
0.04771260 0.13614639 0.15547393 0.48400625 0.17666083
0.14873256 0.15167393 0.32229452 0.17200866 0.20529033
0.42192600 0.34863961 0.07953866 0.08103449 0.06886124
0.11623167 0.10146244 0.01902704 0.41163635 0.35164251
0.05507838 0.45543871 0.00410034 0.41967296 0.06570962
0.21558022 0.07174925 0.18539222 0.18982280 0.33745552
0.07611728 0.03794044 0.20662393 0.56207944 0.11723890
0.42913074 0.20246838 0.13013057 0.11268115 0.12558916
0.40537174 0.16934179 0.14417740 0.25393766 0.02717141
0.00248938 0.22602212 0.32121034 0.06752542 0.38275274
0.31495801 0.21987059 0.24295438 0.08502696 0.13719006
0.01317035 0.19427668 0.61639560 0.04130194 0.13485542
0.04131751 0.45924180 0.33411418 0.07961559 0.08571091
0.37357706 0.07082834 0.40205954 0.07947900 0.07405606
0.12866656 0.78284968 0.01166635 0.01471092 0.06210650
0.06191133 0.62324394 0.02673275 0.16327716 0.12483481
0.38122470 0.17441621 0.40374967 0.01952571 0.02108371
0.07404285 0.12582458 0.26047758 0.25555969 0.28409531
0.58959235 0.32011770 0.01998258 0.00451701 0.06579036
0.06127565 0.09892231 0.75115050 0.05367099 0.03498055
0.20321211 0.01139904 0.31627858 0.22580953 0.24330073
0.00661701 0.03591469 0.81019573 0.04258012 0.10469245
0.14481842 0.06269396 0.03295882 0.00218628 0.75734252
0.15227667 0.36744866 0.11288962 0.31164782 0.05573723
0.35091011 0.05492034 0.09179548 0.13000297 0.37237110
0.01482800 0.10945316 0.01748571 0.48981351 0.36841961
0.02415945 0.01828602 0.47006000 0.47482201 0.01267252
0.48153197 0.07122905 0.10062507 0.06177265 0.28484125
0.52240683 0.24753596 0.01313906 0.05055623 0.16636192
0.12133364 0.09137617 0.36546542 0.41817029 0.00365448
0.41301404 0.05543648 0.43461598 0.04633407 0.05059942
0.18895404 0.21082335 0.04899792 0.01865347 0.53257122
0.15328364 0.11592436 0.48512853 0.22652757 0.01913590
0.61457737 0.11378734 0.00793168 0.15925715 0.10444647
0.06345652 0.20872552 0.53007420 0.15307370 0.04467006
0.22382881 0.45327311 0.05554549 0.13487649 0.13247610
0.00204505 0.53663873 0.19383537 0.21244602 0.05503484
0.09790106 0.24849111 0.03163377 0.25810146 0.36387259
0.09189709 0.13413586 0.29910365 0.37423070 0.10063270
0.09568610 0.17721099 0.06858736 0.47995938 0.17855617
0.20429035 0.35967162 0.02315911 0.21436032 0.19851861
0.29568759 0.07750966 0.02457267 0.22508818 0.37714189
0.07320995 0.25771248 0.54410496 0.09114230 0.03383033
0.20567861 0.11911158 0.31744183 0.11855678 0.23921119
0.22277127 0.09016303 0.05665284 0.20848326 0.42192960
0.01171759 0.42680161 0.27910986 0.09799590 0.18437504
0.12879980 0.28834850 0.20966652 0.13958692 0.23359825
0.04708266 0.42848639 0.31676481 0.17180341 0.03586275
0.04627926 0.23927280 0.03977682 0.34094244 0.33372869
0.01359247 0.58107732 0.10292126 0.03477142 0.26763753
0.40633267 0.11838098 0.16215900 0.18415901 0.12896834
0.06331131 0.36241952 0.39131666 0.03555648 0.14739603
0.16811876 0.32727935 0.24678144 0.13703746 0.12078298
0.12832497 0.51835229 0.01789803 0.19772015 0.13770456
0.09362539 0.47661589 0.34406458 0.00740656 0.07828758
0.16200364 0.19884465 0.03468871 0.47905687 0.12540613
0.06396632 0.13519076 0.17249776 0.16032471 0.46802045
0.35976686 0.01580180 0.06802047 0.00258014 0.55383074
0.14283889 0.05334145 0.17260331 0.08740792 0.54380844
0.10386239 0.76651061 0.06805148 0.03351259 0.02806293
0.19263014 0.07341816 0.11546176 0.59072327 0.02776668
0.43306922 0.22002516 0.11775043 0.20907807 0.02007712
0.02845876 0.41540897 0.01874201 0.24944874 0.28794152
0.03466507 0.03304643 0.39716284 0.11790597 0.41721969
0.16351752 0.22357551 0.33355024 0.08694735 0.19240937
0.46494542 0.18643655 0.18205582 0.10346886 0.06309335
0.24579162 0.19984808 0.05890141 0.46013390 0.03532500
0.51170541 0.12205925 0.02038524 0.19723078 0.14861933
0.25169819 0.01146835 0.22783177 0.16707522 0.34192648
0.04613645 0.22237065 0.09822285 0.12957196 0.50369810
0.45316238 0.24145865 0.06399635 0.05227502 0.18910760
0.30817885 0.19982272 0.34122967 0.10677438 0.04399439
0.12794199 0.43875542 0.11517490 0.10485586 0.21327182
0.33632236 0.15503964 0.02872474 0.45018357 0.02972969
0.28143620 0.15920899 0.14397783 0.27960040 0.13577657
0.00039168 0.15039799 0.39480803 0.41693044 0.03747185
0.12067352 0.15114916 0.09265048 0.53661653 0.09891030
0.24713158 0.42382088 0.11648190 0.15969861 0.05286703
0.05384769 0.12645083 0.37712211 0.27107601 0.17150337
0.36489965 0.00189337 0.22326399 0.32990344 0.08003955
0.11530597 0.02254559 0.11386779 0.43316482 0.31511583
0.16831531 0.11330693 0.16751592 0.43980829 0.11105355
0.23104657 0.12288325 0.55035018 0.05227695 0.04344305
0.03176462 0.25134081 0.32234842 0.30454607 0.09000008
0.25017721 0.15082864 0.15319874 0.19653185 0.24926356
0.34406520 0.32330017 0.06872079 0.17472405 0.08918979
0.21371115 0.14858504 0.08774747 0.21920854 0.33074780
0.13167095 0.15667984 0.20512436 0.49611431 0.01041055
0.18399342 0.08171925 0.13923370 0.03105341 0.56400023
0.40689913 0.02488803 0.32249415 0.13180211 0.11391658
0.06257246 0.34207322 0.28858358 0.25281615 0.05395459
0.10045020 0.17343609 0.06566762 0.29004826 0.37039784
0.03519915 0.09186042 0.26635896 0.23308477 0.37349669
0.53746892 0.05093626 0.05116998 0.07589084 0.28453401
0.10963146 0.00444652 0.00217366 0.02773398 0.85601437
0.22244390 0.38355171 0.01120239 0.31451103 0.06829098
0.20646005 0.11867211 0.52138500 0.03987568 0.11360717
0.06345403 0.30698793 0.34180932 0.01234749 0.27540124
0.20027047 0.30593010 0.14546177 0.13840937 0.20992829
0.12489729 0.32503355 0.21873884 0.02239736 0.30893296
0.22985312 0.01988050 0.17483209 0.26441119 0.31102310
0.00297858 0.05929631 0.10051900 0.36225819 0.47494792
0.04843008 0.10911720 0.01427344 0.25100788 0.57717139
0.23798556 0.05306520 0.16921707 0.47282637 0.06690580
0.06824556 0.07495814 0.03192617 0.62615255 0.19871758
0.16866335 0.33216416 0.02059735 0.11875118 0.35982396
0.11150412 0.15194810 0.52777521 0.11161928 0.09715330
0.21841548 0.42345097 0.04505406 0.27398941 0.03909008
0.14199344 0.02571896 0.69454256 0.05466285 0.08308219
0.15330584 0.07801998 0.22073568 0.39238192 0.15555657
0.41369788 0.02159261 0.11131637 0.34363574 0.10975740
0.11778052 0.10462960 0.30861743 0.31613428 0.15283816
0.04449806 0.00313868 0.01542555 0.55763932 0.37929839
0.13341879 0.19507626 0.16601735 0.46504412 0.04044348
0.51461432 0.07265708 0.06948494 0.22492124 0.11832242
0.11278419 0.27271267 0.19219984 0.06069771 0.36160560
0.20294994 0.21148425 0.01555834 0.36995043 0.20005705
0.16587815 0.09353832 0.20669289 0.19672346 0.33716719
0.05689633 0.15676879 0.56162122 0.04370469 0.18100898
0.04170235 0.10888664 0.45041612 0.35558580 0.04340909
0.19954448 0.19570531 0.11070839 0.18068953 0.31335230
0.37606982 0.20758557 0.01216154 0.33073506 0.07344801
0.08160746 0.05985605 0.29978766 0.14914156 0.40960727
0.31133494 0.13128715 0.06115606 0.32432550 0.17189635
0.63568944 0.06911320 0.21755755 0.07403855 0.00360126
0.34364798 0.20162834 0.12154733 0.04182044 0.29135591
0.02741966 0.20059096 0.13724872 0.02061932 0.61412134
0.08421655 0.25298064 0.03421998 0.38670526 0.24187756
0.04946473 0.34427305 0.45194733 0.03475129 0.11956360
0.06031625 0.49493514 0.13669352 0.22405071 0.08400438
0.38498149 0.04785930 0.32871377 0.09528258 0.14316286
0.29193606 0.12832882 0.17490663 0.16709174 0.23773674
0.26010610 0.54330673 0.00172064 0.04067314 0.15419339
0.18375642 0.53101967 0.02720946 0.19762535 0.06038911
0.35084566 0.19559000 0.31685442 0.04170462 0.09500531
0.08628049 0.46542734 0.02900773 0.37496184 0.04432261
0.14433859 0.05530377 0.49699181 0.29905364 0.00431219
0.16645444 0.13918838 0.04445203 0.36885699 0.28104816
0.09123361 0.02681421 0.08155406 0.25892176 0.54147636
0.40765387 0.28980055 0.03883397 0.26248180 0.00122981
0.10503699 0.17654081 0.57661056 0.09678042 0.04503123
0.16282130 0.08459604 0.09890836 0.25447376 0.39920054
0.89230065 0.01926891 0.02759029 0.01998040 0.04085975
0.06101034 0.02920020 0.11767781 0.66600889 0.12610276
0.46074775 0.19752566 0.08291725 0.03789965 0.22090969
0.78665357 0.11076423 0.06498449 0.02004718 0.01755052
0.10539681 0.27749615 0.22303022 0.16846446 0.22561236
0.16762779 0.24419446 0.15864582 0.09375343 0.33577850
0.15283044 0.18898639 0.09975314 0.26378503 0.29464500
0.16727138 0.09266744 0.15304579 0.22677950 0.36023590
0.34067551 0.01670698 0.32733267 0.16392207 0.15136277
0.68485648 0.01311571 0.17195094 0.11939849 0.01067838
0.50125734 0.08256873 0.06735431 0.28137172 0.06744790
0.14859662 0.17814206 0.23264202 0.25022890 0.19039040
0.05122846 0.27146418 0.00429276 0.32893157 0.34408303
0.36651478 0.08589350 0.23965156 0.23744892 0.07049125
0.01492162 0.01817089 0.35485050 0.48344902 0.12860798
0.07158295 0.19085762 0.03537334 0.63180415 0.07038193
0.04556551 0.46094126 0.36565306 0.04250495 0.08533522
0.06358483 0.36180225 0.26680049 0.03506461 0.27274781
0.18690255 0.41089438 0.04585397 0.19391154 0.16243755
0.12107708 0.11646709 0.06145512 0.25997025 0.44103046
0.31872384 0.05223005 0.10730926 0.49047633 0.03126053
0.10233395 0.61886398 0.04493840 0.21209926 0.02176441
0.06102753 0.20124201 0.33951744 0.17791205 0.22030098
0.44431745 0.21195709 0.11321323 0.22447528 0.00603694
0.02735305 0.00462392 0.10438656 0.38247510 0.48116137
0.19633406 0.29872029 0.06361248 0.38219913 0.05913404
0.18821980 0.34067370 0.09880841 0.29981388 0.07248421
0.02014081 0.06805957 0.01423688 0.74312181 0.15444092
0.34666605 0.25656248 0.02587592 0.00398012 0.36691543
0.52422056 0.17459711 0.05702152 0.10087305 0.14328776
0.31636046 0.00851675 0.34067288 0.15730871 0.17714121
0.50952601 0.25191341 0.06870154 0.01377281 0.15608624
0.07328343 0.40825299 0.22179863 0.23025965 0.06640530
0.52030686 0.03426514 0.00464905 0.22049033 0.22028862
0.75799605 0.11141742 0.09069646 0.03323827 0.00665180
0.16688720 0.38830917 0.34128094 0.04648618 0.05703651
0.14987841 0.04171789 0.05273454 0.44481523 0.31085393
0.00924506 0.06314751 0.58565073 0.33270954 0.00924715
0.05696247 0.15561699 0.20200396 0.34535179 0.24006480
0.30242655 0.44932587 0.03933994 0.07616509 0.13274255
0.14310386 0.52486183 0.02098379 0.16786023 0.14319029
0.04905122 0.06858117 0.82179949 0.04688134 0.01368677
0.64501425 0.01258257 0.24805325 0.06583032 0.02851962
0.56335125 0.03187101 0.09671307 0.23058121 0.07748346
0.33023234 0.14172130 0.22630226 0.24620918 0.05553491
0.23752335 0.05177997 0.02808142 0.09435324 0.58826202
0.31541780 0.11647255 0.30660824 0.25185381 0.00964761
0.32912682 0.15102836 0.33208460 0.00397914 0.18378108
0.41804058 0.18017627 0.15862750 0.22804098 0.01511466
0.00392020 0.21680172 0.18273059 0.52561701 0.07093048
0.06175422 0.71808820 0.03797039 0.02988702 0.15230017
0.11810705 0.03003445 0.33292468 0.07743200 0.44150183
0.12032341 0.08068260 0.01798356 0.60095249 0.18005794
0.64539785 0.04853378 0.02318571 0.04380834 0.23907433
0.05632154 0.17815157 0.05160580 0.70097229 0.01294880
0.35010994 0.18364845 0.20934249 0.22132018 0.03557894
0.24667167 0.04053146 0.28612838 0.28746698 0.13920151
0.23913764 0.20269971 0.49046050 0.05436150 0.01334065
0.01064910 0.04856194 0.32690640 0.18234920 0.43153336
0.14325187 0.04013459 0.04474082 0.72702902 0.04484371
0.07430411 0.20217376 0.01640269 0.29998373 0.40713571
0.17626322 0.34555353 0.08971173 0.27427242 0.11419910
0.52351619 0.05089656 0.26979120 0.04672045 0.10907559
0.02296830 0.03944122 0.20491511 0.04288812 0.68978726
0.22367051 0.15602435 0.31700833 0.08962210 0.21367472
0.11470095 0.32347969 0.22217774 0.20853045 0.13111118
0.07955844 0.54050417 0.19934072 0.09354890 0.08704777
0.20047767 0.08656149 0.27980960 0.04942426 0.38372698
0.54548725 0.15699142 0.03588370 0.15025606 0.11138157
0.14331960 0.28183543 0.44877524 0.07579180 0.05027794
0.21789746 0.12307075 0.40877337 0.04288211 0.20737630
0.33414602 0.03809423 0.31558213 0.07801579 0.23416183
0.14698147 0.13668795 0.30916022 0.40045811 0.00671225
0.21263828 0.00372533 0.39317594 0.33615851 0.05430193
0.29598761 0.61346064 0.06295992 0.00352556 0.02406627
0.06610080 0.21068775 0.37599953 0.09751846 0.24969346
0.31693110 0.37511435 0.06148043 0.13067753 0.11579659
0.36809034 0.24388393 0.02521226 0.30800012 0.05481335
0.08393578 0.29287481 0.18035649 0.02991524 0.41291769
0.25323797 0.26452722 0.34659604 0.08532228 0.05031649
0.25332740 0.19812584 0.07426334 0.17494791 0.29933552
0.04074353 0.47338340 0.45854928 0.01477971 0.01254408
0.06636028 0.04824685 0.12191633 0.29577488 0.46770165
0.43275512 0.06834388 0.24566647 0.13027735 0.12295717
0.20832655 0.28147989 0.38073774 0.07823680 0.05121902
0.06089454 0.26042395 0.01941567 0.00213323 0.65713261
0.23626124 0.03997754 0.11570007 0.05899428 0.54906687
0.35442275 0.50185257 0.05190679 0.06639872 0.02541917
0.46023011 0.03032029 0.25220656 0.08843147 0.16881157
0.06384733 0.32912004 0.37532478 0.14807433 0.08363352
0.10950469 0.13842548 0.14289931 0.43981900 0.16935152
0.09211350 0.24100070 0.16903038 0.02714743 0.47070799
0.06962402 0.12151474 0.48260050 0.13723581 0.18902493
0.08782533 0.03872056 0.19225914 0.53551972 0.14567525
0.47194135 0.00293360 0.13581804 0.31446976 0.07483725
0.19333051 0.08564257 0.18804579 0.41742031 0.11556082
0.38888844 0.06953868 0.19514933 0.02743722 0.31898634
0.43123888 0.21537491 0.30548850 0.04098284 0.00691487
0.30215142 0.33407591 0.17029171 0.02755290 0.16592806
0.25746846 0.15014336 0.18628497 0.10680619 0.29929701
0.06752048 0.25298275 0.28856058 0.13084795 0.26008825
0.35118044 0.13170404 0.08130681 0.24910658 0.18670212
0.15883619 0.04297709 0.19291819 0.11973721 0.48553133
0.44677731 0.04789544 0.17210603 0.31346139 0.01975983
0.06846577 0.31540198 0.36577235 0.02581052 0.22454937
0.08400825 0.38380230 0.21639736 0.25093147 0.06486062
0.03171095 0.11700727 0.15345699 0.30639329 0.39143149
0.14002342 0.30269013 0.13817389 0.20839373 0.21071882
0.30500990 0.10707454 0.08331801 0.41184221 0.09275535
0.05306226 0.07525187 0.28717634 0.41067398 0.17383554
0.51417595 0.38864032 0.02070911 0.04235621 0.03411841
0.50338551 0.10563002 0.21287517 0.15499295 0.02311635
0.45188122 0.07805803 0.09071412 0.30701388 0.07233275
0.29846645 0.59130578 0.03467343 0.01252124 0.06303310
0.02839737 0.00760995 0.34610546 0.29634672 0.32154049
0.05620405 0.24185465 0.15570059 0.18470469 0.36153602
0.08717284 0.14134119 0.00155398 0.18081287 0.58911912
0.48659510 0.03837743 0.41703293 0.04370215 0.01429240
0.30765895 0.22816166 0.20968849 0.18115340 0.07333751
0.05259941 0.35912125 0.38568275 0.20172106 0.00087554
0.11796509 0.02612816 0.68557835 0.09615704 0.07417137
0.07864112 0.47633734 0.11571571 0.04134505 0.28796078
0.76076589 0.02596506 0.12538563 0.00491411 0.08296931
0.23191191 0.01382651 0.14819428 0.12720951 0.47885779
0.21411823 0.08210875 0.45926915 0.07654611 0.16795776
0.20593044 0.24924380 0.21460860 0.03700849 0.29320867
0.08928006 0.26947355 0.05685062 0.33315311 0.25124265
0.22858003 0.31129399 0.21341187 0.09573371 0.15098040
0.16336067 0.17660200 0.10692261 0.13721929 0.41589544
0.29731442 0.15671744 0.02557167 0.31317898 0.20721748
0.08333203 0.59090692 0.13080165 0.04429964 0.15065977
0.04641228 0.00453755 0.02231356 0.29470606 0.63203055
0.05553888 0.56509321 0.10025886 0.22361445 0.05549459
0.00944307 0.08737150 0.11561264 0.08223084 0.70534195
0.17702862 0.36711276 0.03246478 0.31041074 0.11298310
0.10694632 0.03349918 0.24468235 0.01352374 0.60134841
0.17936008 0.03744208 0.30029817 0.08102981 0.40186986
0.00170751 0.36675994 0.06476410 0.26949790 0.29727055
0.31514640 0.01008743 0.06036270 0.03076263 0.58364084
0.07230503 0.06200294 0.28905318 0.10490085 0.47173799
0.02895333 0.72217366 0.15483895 0.00411882 0.08991524
0.07048785 0.03062276 0.52811802 0.19210550 0.17866586
0.10727063 0.15869508 0.34455323 0.30034433 0.08913673
0.25471090 0.25851290 0.14225967 0.06431694 0.28019959
0.10551717 0.07994590 0.09370047 0.30088611 0.41995034
0.13574260 0.24816370 0.19396643 0.36732796 0.05479931
0.36489314 0.03969488 0.16550118 0.36569769 0.06421312
0.17271759 0.14781465 0.42622714 0.01541006 0.23783055
0.14589306 0.21966472 0.11452515 0.28237098 0.23754610
0.20224142 0.16064549 0.08591656 0.55017019 0.00102635
0.16717239 0.58882931 0.10504956 0.07210990 0.06683885
0.34572624 0.17300493 0.14520245 0.25395600 0.08211038
0.50430160 0.04405667 0.31581180 0.02783434 0.10799559
0.15709138 0.05480235 0.19959522 0.35899235 0.22951870
0.25665071 0.14639000 0.06100386 0.20635311 0.32960232
0.22885302 0.37991334 0.20106079 0.01420016 0.17597269
0.08831955 0.30164018 0.09972392 0.21136589 0.29895047
0.04993303 0.01699210 0.64967091 0.10998934 0.17341462
0.01210635 0.01747487 0.34591333 0.27774427 0.34676119
0.17727616 0.35838921 0.27897414 0.13191322 0.05344727
0.00649269 0.22385123 0.37288803 0.24433720 0.15243086
0.13124783 0.05171480 0.23735839 0.21992959 0.35974938
0.49644906 0.11903266 0.14875463 0.09446326 0.14130039
0.07564805 0.24013663 0.13222477 0.02762191 0.52436864
0.03299616 0.05610680 0.03775946 0.07671586 0.79642172
0.01200383 0.14553940 0.62098589 0.12543574 0.09603514
0.20767419 0.18622955 0.32002561 0.09941901 0.18665164
0.08654328 0.28674017 0.53346745 0.00787092 0.08537817
0.24962954 0.17453766 0.09761009 0.10827687 0.36994584
0.20849967 0.10254318 0.22240910 0.31292738 0.15362067
0.63543880 0.08387225 0.05445788 0.15949772 0.06673335
0.00606369 0.29695822 0.16409323 0.49132771 0.04155715
0.08480106 0.41302808 0.16264948 0.09640531 0.24311607
0.03756220 0.49647089 0.20147332 0.07604231 0.18845129
0.13448305 0.07261996 0.16344015 0.53860664 0.09085020
0.09420662 0.08093124 0.02237424 0.47782854 0.32465935
0.13039783 0.18953675 0.34373420 0.12733752 0.20899371
0.20527890 0.10607299 0.04965031 0.62178150 0.01721630
0.00576434 0.05901052 0.12895660 0.20932722 0.59694132
0.01406233 0.10534491 0.50761519 0.15104732 0.22193025
0.33992995 0.03380954 0.27736789 0.18752977 0.16136285
0.23006200 0.15174210 0.13937283 0.10508887 0.37373421
0.32922716 0.39627071 0.00114417 0.16684575 0.10651221
0.11299656 0.18103002 0.28844732 0.40560277 0.01192332
0.55167254 0.10161399 0.16165949 0.00812020 0.17693379
0.08305704 0.09696747 0.17375421 0.35625067 0.28997061
0.02748916 0.74475531 0.12334272 0.02621999 0.07819282
0.08517672 0.02307708 0.34290488 0.03828236 0.51055896
0.42948497 0.04351005 0.16498304 0.10259634 0.25942560
0.10957254 0.31209637 0.14181550 0.24344047 0.19307513
0.07604754 0.57869032 0.10830674 0.21859985 0.01835555
0.12210581 0.33228634 0.09528189 0.22615148 0.22417448
0.07845634 0.41969493 0.04619515 0.35813457 0.09751902
0.27286935 0.04133369 0.20342919 0.02564951 0.45671827
0.10808938 0.26406610 0.48808877 0.04180500 0.09795076
0.18707842 0.27357207 0.20266056 0.07502212 0.26166683
0.26869250 0.09076045 0.31682719 0.30622006 0.01749980
0.03827021 0.19392644 0.09802430 0.23672485 0.43305421
0.62444508 0.10656657 0.12335962 0.04689178 0.09873695
0.12882931 0.05973292 0.33702337 0.35965110 0.11476330
0.13662556 0.18631943 0.52786655 0.06792176 0.08126669
0.09007855 0.45087145 0.05427127 0.15690353 0.24787519
0.01894640 0.10711265 0.34913348 0.31966759 0.20513988
0.54585177 0.24605784 0.03915935 0.07953772 0.08939331
0.27500714 0.13262041 0.21340547 0.10811562 0.27085135
0.72538035 0.11287927 0.01788084 0.04450765 0.09935189
0.34719093 0.10829725 0.01774273 0.26720898 0.25956012
0.04927390 0.30485614 0.11438596 0.26272676 0.26875724
0.14203824 0.29648520 0.16050689 0.04721860 0.35375108
0.03432067 0.38482994 0.02184588 0.11908979 0.43991372
0.20697468 0.24190716 0.11786129 0.27469487 0.15856199
0.05708304 0.13562043 0.12177245 0.36427991 0.32124417
