50000
0.28455724 0.23373569 0.09042686 0.29973661 0.09154361
0.31752307 0.29781948 0.18003073 0.13125725 0.07336948
0.43525167 0.29832035 0.21301316 0.00043979 0.05297502
0.32951956 0.16266336 0.20453767 0.29309129 0.01018811
0.10308411 0.06974358 0.32290198 0.30016902 0.20410132
0.20940930 0.18703444 0.12518263 0.19428969 0.28408395
0.30725253 0.06936233 0.34682781 0.18735874 0.08919859
0.00776837 0.06364120 0.74841851 0.02491094 0.15526099
0.25554067 0.21791077 0.07536728 0.44892779 0.00225349
0.15721593 0.46093405 0.10464210 0.25012494 0.02708298
0.21439572 0.28438644 0.02992293 0.25931334 0.21198157
0.25862080 0.14315616 0.05346411 0.18151402 0.36324491
0.05830509 0.12769864 0.33049874 0.31607132 0.16742620
0.10177324 0.18159285 0.09049268 0.26951223 0.35662899
0.20976929 0.12777659 0.26622645 0.12056319 0.27566448
0.04258445 0.16805335 0.41801318 0.00352334 0.36782568
0.30929092 0.34631395 0.10554822 0.04383511 0.19501179
0.09102155 0.17992024 0.21755461 0.26135823 0.25014537
0.35234230 0.21469481 0.35342554 0.02372116 0.05581619
0.18122416 0.26853481 0.35242161 0.04155120 0.15626823
0.16998508 0.10922966 0.13653657 0.28855986 0.29568883
0.13056473 0.18194061 0.31996515 0.03823933 0.32929019
0.19216127 0.11583681 0.26980660 0.17626991 0.24592542
0.11930129 0.05340538 0.27833538 0.21730891 0.33164904
0.30480836 0.03125144 0.19355091 0.20681451 0.26357479
0.16891846 0.15874811 0.40612336 0.17919661 0.08701345
0.21825814 0.11718916 0.14744344 0.33422267 0.18288659
0.02255070 0.31075621 0.08308857 0.30787410 0.27573042
0.26939571 0.25887651 0.11005442 0.25545209 0.10622127
0.16468929 0.10416988 0.35586250 0.02331086 0.35196748
0.16556074 0.09441758 0.02472271 0.40368372 0.31161524
0.05410155 0.31922978 0.33405951 0.07776525 0.21484390
0.30206840 0.13562309 0.08628860 0.25670667 0.21931323
0.06507078 0.23250644 0.30148129 0.29546034 0.10548115
0.29609314 0.11760712 0.13129457 0.44389769 0.01110748
0.23285539 0.12592813 0.23262543 0.16271023 0.24588083
0.52039539 0.23419737 0.02152753 0.10092322 0.12295649
0.23432541 0.30744742 0.23156851 0.07508687 0.15157179
0.10096358 0.38687291 0.13017962 0.25612766 0.12585624
0.19772181 0.01105435 0.26845305 0.41455151 0.10821927
0.11750503 0.02726388 0.01168264 0.36102265 0.48252580
0.29609529 0.35986184 0.15356701 0.15951014 0.03096572
0.31412477 0.12266745 0.49293867 0.03933274 0.03093637
0.23430708 0.23536771 0.19470743 0.11759735 0.21802044
0.25933158 0.03066799 0.16311723 0.31970803 0.22717516
0.24840992 0.27555007 0.25072852 0.07858817 0.14672332
0.11274295 0.28534389 0.10727587 0.24652464 0.24811265
0.21587180 0.02394878 0.32989534 0.15998493 0.27029915
0.21439343 0.17755483 0.15271799 0.17384623 0.28148752
0.29987337 0.17751247 0.26718628 0.10503088 0.15039700
0.13581825 0.23306538 0.19645109 0.21727775 0.21738753
0.37541353 0.47189211 0.12158512 0.00891783 0.02219141
0.10998797 0.12410329 0.04126461 0.10544977 0.61919436
0.17459787 0.31301641 0.28688674 0.18644530 0.03905368
0.24680961 0.36908012 0.15270103 0.01169077 0.21971847
0.24308989 0.33326731 0.01205414 0.10783191 0.30375676
0.17057159 0.08739176 0.47109036 0.07962613 0.19132016
0.20101019 0.18290517 0.23073234 0.21314612 0.17220618
0.23963004 0.11554837 0.19816660 0.24430187 0.20235312
0.33288656 0.26237449 0.25028163 0.14060314 0.01385417
0.10129831 0.02989867 0.23847042 0.26885798 0.36147462
0.05581617 0.16421868 0.32377120 0.31399072 0.14220322
0.20901072 0.31729078 0.19524954 0.18763683 0.09081214
0.01716495 0.20675480 0.24014287 0.34425997 0.19167740
0.15701717 0.04857981 0.24279623 0.28196556 0.26964122
0.21048867 0.18685522 0.04086030 0.28166247 0.28013334
0.31851685 0.08947255 0.11329154 0.19077858 0.28794049
0.20605899 0.22716182 0.18138185 0.19981084 0.18558650
0.30818132 0.16915030 0.24661105 0.14935412 0.12670321
0.13124237 0.00164425 0.43718995 0.33422118 0.09570225
0.53480756 0.02075488 0.04760329 0.16172001 0.23511427
0.08693590 0.23235881 0.17880380 0.30916094 0.19274055
0.36420589 0.30750524 0.21888953 0.04426750 0.06513183
0.28137958 0.03753210 0.24330761 0.40428884 0.03349187
0.19423122 0.07892940 0.19450902 0.27330504 0.25902531
0.25127657 0.09109268 0.32827236 0.03071936 0.29863903
0.23632986 0.03877214 0.16305668 0.42451605 0.13732526
0.09861585 0.27651440 0.23362622 0.18027890 0.21096463
0.31022284 0.21102133 0.06594820 0.31946619 0.09334144
0.21437740 0.23091817 0.03561980 0.01885167 0.50023296
0.20997665 0.13934008 0.24952084 0.24419751 0.15696492
0.20695918 0.17584968 0.26758887 0.25001075 0.09959152
0.10371696 0.20694201 0.26081227 0.21040480 0.21812395
0.29057952 0.01250008 0.33545594 0.20048579 0.16097867
0.19131660 0.27806413 0.15462883 0.11440108 0.26158935
0.01267718 0.54460941 0.00834030 0.05447490 0.37989821
0.22045588 0.23901337 0.29078619 0.15555178 0.09419279
0.32272200 0.06795547 0.23126964 0.31617002 0.06188287
0.29546918 0.05302436 0.29761735 0.13611867 0.21777044
0.34637935 0.13428874 0.28340886 0.02653088 0.20939216
0.40536032 0.07638623 0.35415842 0.10786074 0.05623429
0.08265787 0.31789901 0.06943445 0.06247042 0.46753825
0.11341813 0.18434665 0.31061335 0.10869068 0.28293119
0.24139134 0.04789050 0.08708122 0.24563299 0.37800394
0.24247028 0.16666133 0.26961328 0.19646023 0.12479489
0.01895522 0.34137499 0.25175904 0.07386740 0.31404336
0.02771685 0.25168258 0.44725406 0.21682178 0.05652473
0.05495905 0.47353911 0.20340727 0.22566927 0.04242529
0.15021401 0.23962827 0.26722870 0.05289723 0.29003180
0.06892755 0.40937540 0.07588101 0.08161385 0.36420219
0.16142525 0.25646804 0.21420565 0.18393406 0.18396701
0.23938227 0.10160495 0.10630490 0.29217207 0.26053581
0.37795608 0.00408725 0.19446632 0.04818474 0.37530562
0.01785485 0.27300268 0.22092722 0.22295090 0.26526436
0.29350643 0.07585852 0.09676112 0.05499733 0.47887661
0.29957839 0.04493480 0.13960477 0.26404215 0.25183989
0.16447769 0.10632580 0.18668348 0.27748460 0.26502843
0.29407441 0.37756398 0.01768148 0.20569504 0.10498508
0.04991848 0.22516688 0.03321300 0.31225558 0.37944606
0.16776575 0.23963500 0.16080965 0.31681382 0.11497579
0.16336207 0.07457630 0.45301569 0.21207233 0.09697361
0.28031367 0.20742666 0.24681718 0.09997140 0.16547108
0.36339154 0.10087906 0.04554504 0.20062269 0.28956167
0.41541475 0.07668484 0.27823140 0.21884207 0.01082694
0.23158471 0.35084878 0.09939824 0.06255833 0.25560995
0.26709985 0.15403868 0.00665512 0.09475396 0.47745239
0.18725208 0.07646182 0.07616686 0.44172578 0.21839346
0.07817687 0.41394800 0.12210796 0.15587431 0.22989287
0.33197808 0.34762803 0.08346231 0.13490811 0.10202347
0.01493828 0.39769844 0.06144245 0.44732301 0.07859782
0.18454115 0.01269172 0.02082004 0.55245521 0.22949187
0.20642019 0.24719160 0.21592985 0.24751492 0.08294344
0.08657717 0.12684628 0.24592759 0.22151633 0.31913263
0.34526068 0.25396018 0.02502420 0.34720592 0.02854903
0.28672174 0.22293569 0.13199977 0.01050952 0.34783329
0.24055625 0.01793656 0.28586537 0.20103242 0.25460940
0.00096590 0.10132916 0.44299780 0.36111664 0.09359051
0.10287313 0.33675660 0.06901119 0.36359914 0.12775995
0.39168079 0.07838017 0.14674590 0.29969972 0.08349342
0.13206982 0.08688686 0.49173600 0.16596100 0.12334631
0.29820997 0.16195401 0.01622390 0.15646035 0.36715177
0.03141318 0.25287475 0.00014793 0.20857349 0.50699065
0.05129185 0.19897465 0.19598168 0.23725937 0.31649245
0.20695817 0.01657948 0.23211006 0.35705712 0.18729517
0.28323468 0.40903595 0.01892100 0.00431459 0.28449378
0.28038815 0.14822961 0.30609784 0.06064854 0.20463586
0.05444615 0.31524681 0.19420982 0.25111171 0.18498551
0.29944070 0.03588720 0.17640631 0.21168460 0.27658119
0.14399224 0.20954232 0.04884546 0.35889991 0.23872007
0.25082613 0.19313535 0.07955628 0.18369937 0.29278287
0.38647177 0.14658547 0.04454643 0.23953145 0.18286487
0.17979108 0.12493259 0.18924655 0.26716843 0.23886135
0.20103331 0.17205115 0.10022813 0.33930934 0.18737807
0.22171089 0.28629059 0.01921647 0.17180337 0.30097868
0.27322887 0.25713887 0.19469889 0.19582120 0.07911216
0.16215369 0.35938132 0.16513066 0.10491826 0.20841606
0.11339174 0.03581245 0.44871246 0.11847885 0.28360449
0.14105615 0.27104708 0.28863799 0.08630603 0.21295274
0.03401456 0.11236841 0.15363335 0.56648911 0.13349457
0.32891393 0.31111840 0.02504296 0.24338455 0.09154016
0.05767384 0.28345064 0.22069057 0.25033205 0.18785290
0.13564288 0.18953448 0.25040737 0.18577407 0.23864120
0.15856191 0.41826403 0.34237122 0.00967431 0.07112853
0.21027430 0.12839522 0.24651969 0.10792772 0.30688307
0.25993936 0.11557727 0.23856467 0.33887117 0.04704753
0.27128500 0.23407243 0.27763093 0.03140436 0.18560728
0.17699889 0.41053258 0.08781350 0.29264072 0.03201430
0.23966613 0.21627639 0.25758947 0.00393792 0.28253009
0.26878671 0.03800989 0.31847588 0.31502513 0.05970239
0.12159781 0.24994479 0.19600968 0.22658333 0.20586439
0.15193487 0.29430909 0.25449092 0.07400917 0.22525594
0.19853872 0.32381836 0.17346272 0.05654002 0.24764018
0.44108014 0.16152896 0.32390735 0.05238938 0.02109418
0.00685114 0.24660833 0.13244526 0.40069255 0.21340272
0.19003603 0.10115515 0.31834610 0.18512898 0.20533374
0.23907540 0.25389169 0.18694454 0.13276323 0.18732515
0.32772931 0.21172265 0.13414331 0.26649007 0.05991467
0.27387318 0.27387820 0.11073971 0.06792839 0.27358052
0.40058848 0.08407442 0.32307020 0.12685489 0.06541201
0.21594219 0.17252025 0.21914247 0.17132654 0.22106855
0.04552272 0.04159783 0.07725173 0.37430141 0.46132630
0.31946110 0.16989923 0.14487533 0.26674816 0.09901618
0.12552568 0.16566282 0.01514294 0.34125476 0.35241381
0.34022723 0.01566962 0.05147361 0.34230805 0.25032149
0.12976762 0.33260550 0.32143354 0.05641074 0.15978261
0.15159238 0.18444888 0.27161086 0.28450112 0.10784677
0.07752307 0.12929986 0.36058035 0.01409176 0.41850495
0.09576411 0.27892995 0.20756555 0.17350606 0.24423434
0.22804916 0.24049958 0.10336717 0.20673996 0.22134412
0.21478561 0.12861526 0.14143202 0.12234368 0.39282342
0.07753490 0.19871855 0.15878391 0.08754211 0.47742053
0.20337017 0.10874394 0.36019842 0.27615340 0.05153407
0.14962229 0.06466979 0.30170436 0.30140139 0.18260217
0.36680957 0.03540522 0.13883859 0.07370116 0.38524547
0.21446677 0.15842364 0.03133760 0.34146305 0.25430893
0.15933592 0.10914325 0.28373782 0.18642665 0.26135636
0.19489586 0.58231833 0.05975696 0.00609462 0.15693423
0.19051183 0.00518327 0.25519037 0.22804299 0.32107154
0.21525327 0.17255571 0.16098926 0.15509773 0.29610403
0.08969372 0.29831154 0.07621430 0.28384644 0.25193401
0.31124339 0.08974289 0.38221096 0.09823639 0.11856637
0.24397774 0.42006634 0.05575143 0.10327406 0.17693043
0.35452640 0.14349539 0.30710581 0.09590018 0.09897223
0.01963344 0.22556068 0.29907335 0.24160831 0.21412422
0.13470373 0.24454688 0.18383239 0.28757958 0.14933742
0.33904660 0.22101477 0.27645999 0.04934677 0.11413187
0.30457769 0.29457552 0.03474623 0.30610605 0.05999451
0.19024099 0.26252552 0.19474713 0.25825911 0.09422725
0.37552301 0.04421680 0.34540089 0.03675252 0.19810679
0.45441944 0.01559980 0.19286516 0.25600999 0.08110560
0.27045853 0.00434179 0.24676585 0.01446141 0.46397243
0.07529901 0.09119043 0.46464273 0.04266611 0.32620172
0.02134827 0.10465250 0.33776036 0.19086475 0.34537412
0.13651294 0.29925695 0.16665633 0.21032437 0.18724941
0.37678656 0.20143289 0.19965843 0.03556594 0.18655618
0.23651597 0.25292763 0.14334243 0.14510493 0.22210905
0.28460566 0.17448228 0.22524088 0.01771930 0.29795187
0.22058858 0.30142383 0.06853413 0.14669912 0.26275433
0.04154887 0.08089493 0.08062444 0.38877067 0.40816109
0.17188656 0.10883639 0.34921345 0.09248829 0.27757532
0.20441080 0.09733252 0.26927802 0.28678575 0.14219292
0.36714592 0.00039121 0.01194197 0.18061619 0.43990472
0.25791492 0.18645256 0.15883610 0.14973445 0.24706196
0.13959933 0.36754769 0.11503006 0.17167976 0.20614317
0.21065715 0.12563677 0.10624726 0.25505943 0.30239939
0.16652645 0.02628168 0.28612744 0.38396082 0.13710361
0.10002995 0.07343919 0.47099861 0.32375309 0.03177917
0.34392752 0.19033609 0.06339864 0.27387490 0.12846284
0.25128610 0.22352164 0.19662228 0.24538666 0.08318332
0.29677730 0.21097626 0.29454377 0.19582186 0.00188081
0.21164026 0.23594080 0.06346475 0.24833724 0.24061696
0.01642530 0.31716004 0.01845554 0.32130478 0.32665434
0.05124841 0.63485895 0.00555765 0.25868210 0.04965290
0.41581868 0.23696332 0.13013176 0.12537984 0.09170641
0.31710054 0.16533788 0.25425535 0.07383894 0.18946729
0.35752979 0.02062131 0.08599059 0.29623612 0.23962219
0.01450928 0.37246512 0.04716738 0.31970907 0.24614916
0.15832840 0.11346736 0.14622862 0.32856780 0.25340782
0.30414011 0.20987178 0.01373710 0.33547082 0.13678019
0.03392077 0.34730368 0.27793220 0.27128382 0.06955953
0.03651479 0.24296103 0.30843824 0.29313589 0.11895005
0.34221645 0.08689605 0.03797485 0.35674012 0.17617252
0.36661852 0.06847776 0.35095954 0.15654244 0.05740174
0.49883887 0.00854217 0.04145105 0.27649227 0.17467563
0.04915112 0.31590524 0.30490772 0.22196544 0.10807048
0.26774227 0.10610917 0.04119920 0.39701238 0.18793698
0.27161960 0.09492458 0.13363856 0.14379395 0.35602331
0.19166466 0.22452005 0.06173855 0.32664870 0.19542804
0.33450420 0.15184751 0.23927270 0.23488124 0.03949435
0.16334256 0.25851141 0.26065227 0.19487065 0.12262311
0.02888276 0.20892432 0.24485123 0.45316329 0.06417840
0.34253453 0.07525446 0.44394388 0.02160839 0.11665873
0.28901431 0.20416060 0.02345840 0.25364024 0.22972645
0.27334068 0.14134808 0.04853453 0.23967736 0.29709935
0.31394893 0.18810619 0.18318166 0.21779289 0.09697032
0.33487973 0.20969816 0.02196055 0.22803564 0.20542592
0.28656804 0.06050577 0.22753942 0.10266280 0.32272396
0.18184194 0.16220386 0.26167713 0.31453975 0.07973732
0.40064903 0.23248161 0.28299257 0.03637013 0.04750666
0.16541888 0.18813677 0.14300375 0.26741593 0.23602467
0.14957627 0.16447282 0.16281901 0.32088255 0.20224936
0.25136354 0.16032346 0.16478331 0.14764211 0.27588757
0.44219387 0.05723939 0.15287468 0.33825027 0.00944178
0.09872032 0.15101161 0.11856827 0.50381796 0.12788184
0.06935361 0.30855389 0.13265030 0.36126603 0.12817617
0.17855293 0.17513307 0.25864926 0.28709630 0.10056845
0.01895778 0.33406570 0.36158149 0.01598354 0.26941149
0.08701490 0.17607616 0.32744017 0.17116116 0.23830761
0.27600067 0.00442272 0.26033121 0.23531439 0.22393101
0.16489294 0.35415381 0.06686516 0.34733836 0.06674973
0.27539201 0.28840890 0.31064657 0.04177362 0.08377890
0.27093878 0.26598949 0.22733080 0.18533420 0.05040673
0.24426981 0.17725139 0.11602905 0.16474122 0.29770852
0.05570448 0.38872090 0.07573377 0.04739338 0.43244748
0.21872062 0.25591180 0.27731079 0.07024175 0.17781504
0.17516310 0.29945778 0.18688293 0.22494122 0.11355497
0.16886629 0.21450821 0.21817071 0.20898195 0.18947284
0.00373652 0.37278681 0.05280100 0.35799366 0.21268201
0.02923984 0.37914880 0.09978423 0.05239033 0.43943680
0.34040184 0.21243224 0.06769916 0.01202077 0.36744599
0.06528207 0.23377584 0.19412014 0.26775816 0.23906379
0.25472468 0.04452565 0.21485813 0.16307099 0.32282055
0.05319530 0.28905902 0.31613111 0.29804225 0.04357233
0.20212548 0.21298488 0.17818009 0.06906930 0.33764025
0.44531410 0.08115561 0.09139689 0.19731946 0.18481394
0.23922662 0.14210979 0.24114526 0.11257361 0.26494472
0.10332733 0.24852308 0.17665038 0.15855103 0.31294818
0.17829152 0.05666951 0.06233099 0.35415431 0.34855367
0.27126373 0.26267706 0.24983518 0.10460663 0.11161740
0.07839986 0.10031586 0.50886090 0.05591758 0.25650580
0.05604392 0.17778085 0.25512629 0.20978919 0.30125975
0.36478672 0.10480432 0.17799064 0.17789346 0.17452487
0.08763719 0.16931828 0.24647112 0.30552838 0.19104503
0.26437715 0.25511539 0.16218434 0.24682225 0.07150087
0.28183929 0.03774251 0.21867596 0.38144175 0.08030049
0.25230900 0.22367230 0.02097460 0.16573466 0.33730944
0.29095215 0.26020140 0.01253787 0.25014141 0.18616718
0.01164523 0.29084047 0.30082770 0.12589911 0.27078749
0.17041539 0.06972676 0.32559493 0.26125302 0.17300990
0.20696257 0.19091155 0.27317761 0.31418386 0.01476442
0.06768256 0.06050692 0.31707650 0.31572860 0.23900542
0.18064516 0.14407399 0.22798086 0.11102574 0.33627425
0.03563370 0.08744350 0.14700586 0.38966427 0.34025267
0.24211274 0.03466063 0.23127844 0.17891782 0.31303037
0.22276300 0.37807794 0.17164969 0.21360351 0.01390587
0.49207942 0.13153865 0.00939878 0.14849597 0.21848718
0.21514939 0.16173322 0.21644169 0.23735222 0.16932347
0.18165220 0.26907011 0.28207176 0.01045080 0.25675513
0.37842801 0.03982022 0.19209569 0.30359248 0.08606359
0.15662314 0.24086864 0.21748987 0.24811020 0.13690815
0.16662830 0.45079255 0.36684657 0.01114543 0.00458716
0.01342021 0.30266521 0.30679764 0.22203152 0.15508543
0.21142202 0.25869880 0.02714705 0.09729504 0.40543708
0.22651200 0.19743717 0.22746099 0.09041066 0.25817917
0.13193988 0.22709180 0.28801497 0.15974872 0.19320463
0.21765836 0.29731923 0.28643452 0.02916429 0.16942360
0.15178638 0.05166160 0.43642979 0.01332972 0.34679250
0.22724510 0.28758090 0.07233753 0.01627284 0.39656364
0.08740052 0.00610054 0.34625599 0.36547500 0.19476796
0.15254951 0.23932925 0.19201199 0.20976660 0.20634265
0.16019048 0.29077864 0.19399324 0.16901019 0.18602745
0.21757044 0.04783287 0.29490829 0.30307858 0.13660981
0.17362129 0.12897238 0.21340167 0.23573899 0.24826567
0.12521337 0.22367561 0.41304587 0.16969972 0.06836543
0.41735582 0.22861545 0.10805904 0.22727794 0.01869175
0.28366854 0.13602155 0.01734956 0.55512420 0.00783615
0.16305037 0.28165160 0.19376978 0.12847567 0.23305258
0.28500447 0.14876446 0.11761854 0.29957698 0.14903557
0.25814040 0.04796569 0.18346976 0.26028549 0.25013865
0.25967982 0.21063531 0.12997860 0.25304001 0.14666625
0.21673334 0.07976233 0.26595167 0.29909101 0.13846165
0.11638987 0.13793601 0.36127469 0.20374120 0.18065823
0.13964813 0.32450101 0.14468833 0.11479157 0.27637095
0.11695438 0.30098636 0.07520713 0.32783161 0.17902052
0.13215063 0.34633065 0.32056664 0.04069266 0.16025942
0.07574614 0.24574257 0.34426145 0.26985415 0.06439569
0.06219439 0.41160205 0.15546578 0.28013736 0.09060042
0.33741387 0.05645273 0.12482144 0.21884809 0.26246388
0.22183279 0.29636776 0.22867829 0.08300304 0.17011812
0.04410047 0.31071374 0.15810682 0.13296982 0.35410915
0.07408812 0.50065215 0.10669514 0.25573647 0.06282812
0.10969358 0.15518699 0.20250169 0.25663402 0.27598372
0.20728981 0.02112909 0.48734098 0.06884326 0.21539685
0.23116424 0.13926253 0.16882203 0.22200850 0.23874269
0.24676066 0.24646138 0.19306603 0.12689681 0.18681513
0.05141270 0.26696917 0.19064471 0.35719531 0.13377811
0.25259835 0.22565431 0.28805460 0.17566522 0.05802751
0.40969943 0.06508155 0.06180257 0.06881586 0.39460058
0.11206815 0.42241583 0.02810076 0.00435611 0.43305914
0.26412524 0.44169344 0.21456646 0.07248370 0.00713116
0.39155757 0.02951772 0.29480890 0.14728285 0.13683296
0.33427621 0.09945390 0.20459525 0.36127691 0.00039774
0.26247912 0.25254581 0.19066081 0.15746570 0.13684856
0.10229694 0.21001066 0.57974843 0.01578548 0.09215848
0.26187059 0.14456083 0.13111330 0.16067978 0.30177550
0.31248796 0.28233499 0.04627261 0.02224937 0.33665507
0.24004022 0.21696924 0.12317978 0.23594996 0.18386080
0.22981627 0.18900742 0.22689849 0.22580388 0.12847393
0.29254345 0.24816315 0.17759294 0.26921813 0.01248233
0.26759824 0.10353534 0.27878829 0.06026440 0.28981373
0.08439644 0.27330651 0.05794700 0.32086160 0.26348846
0.12268458 0.22622831 0.01601955 0.20582783 0.42923973
0.11411659 0.29880714 0.10325908 0.20164056 0.28217663
0.20607485 0.26272328 0.14689625 0.33290624 0.05139939
0.10570498 0.29536060 0.23051414 0.14963446 0.21878582
0.23679001 0.25279615 0.03628587 0.28397738 0.19015059
0.15092946 0.38554885 0.19007534 0.20745862 0.06598773
0.03529734 0.27844790 0.32567178 0.15960509 0.20097789
0.09605743 0.28040853 0.22141682 0.17260520 0.22951202
0.03229719 0.15077828 0.43204728 0.17646809 0.20840916
0.36942795 0.29839278 0.00596737 0.02552041 0.30069149
0.06388543 0.19574249 0.01818522 0.60114849 0.12103837
0.07473398 0.08669184 0.16891934 0.20779158 0.46186326
0.23867163 0.06929584 0.29126620 0.13090335 0.26986298
0.20775305 0.27745702 0.34496985 0.14221985 0.02760024
0.22214918 0.14053358 0.09499862 0.23257880 0.30973983
0.27863890 0.08546880 0.15585871 0.16764900 0.31238459
0.26185747 0.28243517 0.10583738 0.17494805 0.17492194
0.13242424 0.12703705 0.21444879 0.24732864 0.27876128
0.34844309 0.03227606 0.03338005 0.51965230 0.06624850
0.33552476 0.04691503 0.00987497 0.14135765 0.46632758
0.23367846 0.30175786 0.14471201 0.30436613 0.01548554
0.06671246 0.12099630 0.36918804 0.12623503 0.31686817
0.09305691 0.26951096 0.20613237 0.40225917 0.02904059
0.06567650 0.33422785 0.00862669 0.33321761 0.25825136
0.28533067 0.17829528 0.25112093 0.13876283 0.14649030
0.16850617 0.09720396 0.32270229 0.25293798 0.15864959
0.23931332 0.26404789 0.09899048 0.13576734 0.26188097
0.25253483 0.29398693 0.12409109 0.09306009 0.23632706
0.18291748 0.20482736 0.13418861 0.13304872 0.34501783
0.38866271 0.03549488 0.00591107 0.15572223 0.41420911
0.36401373 0.01946106 0.03307421 0.38665541 0.19679559
0.08674543 0.33405902 0.23791711 0.07420198 0.26707646
0.28011067 0.21622981 0.15216351 0.04701467 0.30448134
0.16541902 0.34705895 0.07386764 0.10471270 0.30894170
0.18624181 0.24816587 0.01305729 0.49637162 0.05616341
0.27543230 0.07554486 0.19607630 0.19592990 0.25701665
0.24007119 0.23572683 0.03255530 0.23790187 0.25374481
0.18399799 0.33857906 0.04063214 0.17054538 0.26624544
0.28862871 0.19872422 0.34183997 0.03000364 0.14080347
0.33024367 0.18316726 0.18400261 0.23500418 0.06758228
0.27309431 0.27839668 0.01746777 0.28617971 0.14486154
0.19602696 0.09732497 0.17505773 0.22364879 0.30794155
0.16595889 0.24865711 0.24409881 0.10708153 0.23420365
0.20722807 0.25647195 0.19101323 0.10860361 0.23668313
0.31672252 0.15205322 0.30338967 0.18269528 0.04513932
0.25444237 0.25178848 0.25033967 0.06049508 0.18293439
0.29800008 0.22525917 0.07069848 0.25134601 0.15469626
0.07623717 0.41849272 0.07647206 0.04481846 0.38397958
0.23300745 0.20857217 0.02517334 0.26199731 0.27124974
0.35305076 0.01805266 0.16882819 0.39729360 0.06277479
0.09712719 0.21211440 0.06367245 0.44652286 0.18056309
0.20347104 0.04935655 0.40206160 0.07283805 0.27227276
0.17364403 0.09436846 0.29703350 0.18322054 0.25173348
0.17455036 0.36739396 0.23125265 0.15232801 0.07447502
0.06131927 0.04036401 0.35933084 0.25191054 0.28707534
0.22123116 0.12972629 0.24773441 0.16344006 0.23786809
0.21750225 0.16485053 0.15892286 0.08596062 0.37276374
0.24018657 0.35354982 0.22563393 0.13459656 0.04603312
0.23163540 0.13307093 0.18835236 0.34603505 0.10090625
0.18015899 0.35008993 0.05605917 0.03954570 0.37414620
0.10332479 0.28655152 0.29725053 0.14243482 0.17043834
0.14160118 0.15431730 0.14188155 0.30327191 0.25892806
0.30224191 0.12472052 0.14748851 0.28827851 0.13727055
0.35122536 0.31282283 0.21458408 0.05207687 0.06929086
0.02365230 0.26906119 0.21323000 0.28660114 0.20745537
0.02411298 0.31104472 0.09141966 0.31244264 0.26098000
0.04546528 0.20522276 0.30278904 0.03813150 0.40839142
0.41797630 0.10935075 0.32956949 0.01601069 0.12709276
0.04020337 0.43591240 0.39570627 0.05077454 0.07740342
0.24007330 0.22575328 0.30211301 0.09731354 0.13474687
0.08939649 0.11941574 0.33912148 0.22322940 0.22883690
0.16200872 0.25749256 0.11953647 0.12686834 0.33409391
0.12192982 0.12808608 0.10615921 0.26764309 0.37618180
0.04534202 0.38180218 0.00862616 0.32669787 0.23753177
0.07001559 0.22208692 0.07565259 0.29213657 0.34010832
0.24349133 0.06246521 0.46216758 0.11466426 0.11721162
0.13543528 0.07270722 0.24050070 0.23457942 0.31677739
0.10949895 0.20010405 0.34976138 0.07547036 0.26516525
0.25301282 0.17753733 0.18464636 0.24493518 0.13986832
0.49778121 0.10008329 0.18091798 0.03612954 0.18508799
0.31320917 0.18679029 0.21734733 0.06435589 0.21829732
0.18934615 0.19078171 0.21149467 0.19838568 0.20999179
0.07396654 0.00649822 0.40433714 0.15704926 0.35814883
0.16251630 0.00640745 0.24510862 0.17260092 0.41336671
0.26584888 0.07543870 0.18291611 0.22138088 0.25441543
0.26212392 0.06780730 0.25973727 0.15362876 0.25670274
0.23799508 0.24831559 0.18286835 0.27304531 0.05777567
0.39272427 0.35466364 0.01138438 0.21564747 0.02558023
0.33833000 0.04708791 0.11065029 0.23316355 0.27076824
0.26203054 0.23298716 0.31060209 0.05136963 0.14301058
0.12695883 0.14674596 0.32220384 0.32796122 0.07613015
0.16837308 0.16831071 0.20146669 0.05435943 0.40749009
0.13965167 0.29743947 0.12324102 0.28447290 0.15519495
0.20662197 0.12474074 0.17655833 0.23379519 0.25828377
0.06843759 0.39850067 0.10626184 0.01690788 0.40989202
0.08965938 0.25512915 0.29308357 0.06358158 0.29854632
0.09117086 0.16972454 0.22844122 0.34890426 0.16175912
0.26104528 0.01984730 0.23020211 0.21145314 0.27745216
0.26836948 0.25130555 0.12228160 0.26589980 0.09214357
0.05455570 0.52618760 0.27552409 0.12298728 0.02074534
0.03379356 0.24501895 0.27997429 0.23573477 0.20547844
0.24633939 0.08959531 0.15606417 0.17284439 0.33515675
0.16098025 0.31737299 0.09597734 0.41740711 0.00826231
0.34272421 0.12739757 0.01310481 0.28008049 0.23669292
0.05797723 0.07134701 0.25222274 0.17933268 0.43912034
0.06434735 0.32240588 0.08256115 0.13086316 0.39982246
0.14215164 0.08690856 0.29651468 0.15016105 0.32426408
0.38868274 0.38405102 0.14259755 0.02084614 0.06382254
0.05265008 0.19279399 0.20201566 0.25001769 0.30252258
0.19256670 0.15138418 0.31493267 0.07995105 0.26116540
0.45502006 0.20508060 0.12114232 0.02772391 0.19103312
0.09035021 0.37100213 0.18266518 0.02044226 0.33554022
0.21265843 0.25385683 0.28123813 0.23394450 0.01830210
0.17210474 0.25144135 0.29310919 0.18701307 0.09633165
0.31956551 0.07188083 0.40774291 0.06519593 0.13561483
0.31581332 0.25795638 0.08933865 0.02614889 0.31074276
0.01401779 0.22567136 0.45600765 0.02936435 0.27493884
0.21639833 0.26002668 0.36924339 0.00605963 0.14827197
0.30379267 0.16055597 0.24663347 0.02188645 0.26713144
0.04953187 0.38512443 0.04840551 0.17662538 0.34031281
0.15617773 0.33152496 0.20057373 0.08191031 0.22981326
0.10994602 0.22665902 0.19232737 0.08129174 0.38977584
0.20170653 0.01725615 0.40458729 0.22295550 0.15349453
0.10880489 0.30105977 0.25122396 0.25602999 0.08288140
0.17322430 0.14361114 0.25270860 0.31159138 0.11886458
0.21346403 0.19693777 0.08286153 0.23441995 0.27231671
0.15764394 0.23126551 0.02430914 0.25994829 0.32683312
0.20670446 0.00493320 0.16187894 0.49161016 0.13487324
0.16853917 0.20380151 0.00623546 0.25436857 0.36705530
0.32277811 0.18223086 0.02597970 0.14990138 0.31910995
0.00474966 0.11059067 0.13129439 0.28273719 0.47062810
0.21604584 0.31761592 0.23565967 0.18579967 0.04487890
0.20208455 0.06158356 0.11271749 0.24454098 0.37907342
0.25869646 0.17379044 0.17841159 0.04300524 0.34609627
0.09788238 0.09710364 0.23182944 0.27742747 0.29575708
0.22346528 0.23779323 0.13995357 0.28570042 0.11308750
0.02433928 0.17853663 0.20794098 0.42418957 0.16499354
0.25063391 0.13141255 0.16539291 0.26530247 0.18725816
0.21887540 0.10908962 0.30401851 0.24515774 0.12285874
0.31909633 0.24800842 0.21882933 0.21378930 0.00027661
0.14746661 0.10420876 0.52883190 0.00507130 0.21442143
0.18697052 0.10373048 0.15160126 0.29134925 0.26634849
0.27045076 0.27231356 0.04060569 0.07996834 0.33666165
0.26982082 0.15370740 0.06527981 0.38496644 0.12622552
0.02949365 0.23578901 0.21247276 0.23375342 0.28849115
0.29597964 0.12814798 0.06288977 0.33502708 0.17795553
0.38855170 0.04736201 0.16890794 0.09670936 0.29846898
0.27259022 0.09716128 0.06604825 0.47897644 0.08522381
0.33069303 0.02476968 0.26207666 0.01610100 0.36635963
0.00840709 0.03588709 0.53337454 0.16101573 0.26131555
0.29979598 0.27112064 0.20779248 0.18762035 0.03367055
0.24149520 0.07724961 0.32428630 0.24564433 0.11132455
0.21010831 0.18893087 0.15119808 0.20266303 0.24709970
0.07335445 0.15421675 0.20885323 0.32760270 0.23597287
0.24501594 0.11401741 0.23169688 0.15569336 0.25357641
0.02997200 0.24659624 0.20678245 0.35426407 0.16238524
0.42591190 0.13247963 0.29633207 0.13258160 0.01269480
0.03028452 0.02134127 0.36289230 0.38958294 0.19589897
0.22202783 0.26894259 0.03652612 0.17254030 0.29996317
0.05239655 0.19577014 0.16869388 0.25570557 0.32743387
0.04802697 0.13121782 0.20605430 0.28536174 0.32933917
0.25198058 0.06994370 0.20151058 0.27269207 0.20387307
0.10930138 0.19063010 0.37023121 0.13072778 0.19910952
0.09420621 0.39808091 0.31032693 0.12134216 0.07604378
0.19809919 0.08858833 0.19951709 0.30871622 0.20507918
0.28192238 0.19282005 0.27429625 0.06967909 0.18128223
0.29588623 0.26860673 0.03240640 0.31252137 0.09057928
0.11566672 0.21696770 0.16774520 0.28134717 0.21827321
0.32822341 0.02924859 0.05814588 0.35937857 0.22500356
0.11283764 0.38963385 0.08358869 0.13134443 0.28259539
0.51218464 0.15600261 0.13812361 0.11519898 0.07849016
0.10125393 0.16639182 0.27000059 0.31757932 0.14477434
0.03038187 0.33399169 0.24963400 0.16167520 0.22431724
0.08868069 0.02662891 0.33779535 0.38248682 0.16440823
0.34751752 0.11119552 0.25564631 0.16457969 0.12106097
0.22766941 0.15050759 0.23648618 0.23638796 0.14894887
0.35118935 0.14353564 0.12334927 0.36121148 0.02071427
0.04965000 0.27888052 0.07843233 0.49701045 0.09602669
0.14724573 0.09943779 0.28235484 0.32760658 0.14335506
0.22752964 0.18019076 0.22287033 0.17306650 0.19634278
0.21923681 0.23954680 0.15686865 0.31498791 0.06935983
0.20448375 0.03170768 0.30005940 0.13592843 0.32782074
0.20720766 0.23866203 0.02242939 0.25184095 0.27985998
0.20996723 0.14138724 0.30950146 0.20753463 0.13160944
0.25728776 0.12395055 0.15819761 0.22612665 0.23443743
0.26334433 0.05958039 0.06283544 0.30530237 0.30893747
0.43812553 0.02650676 0.18323863 0.31895120 0.03317789
0.06458784 0.32294584 0.17437533 0.40309738 0.03499361
0.18156278 0.09005627 0.31477069 0.36004361 0.05356664
0.20580360 0.02282273 0.16819414 0.28762524 0.31555428
0.14105477 0.36764916 0.04593519 0.43969294 0.00566794
0.43369759 0.16729382 0.03327651 0.21544728 0.15028481
0.37459241 0.33558177 0.07735920 0.06343117 0.14903544
0.40871452 0.15790605 0.09566625 0.07919593 0.25851725
0.09282580 0.29829234 0.32651700 0.12566387 0.15670099
0.65406858 0.01850254 0.08646280 0.22220910 0.01875698
0.21075504 0.35268247 0.10313108 0.13491533 0.19851608
0.01373271 0.27471707 0.25810582 0.19275299 0.26069142
0.17284044 0.09463403 0.20335529 0.52282535 0.00634489
0.20034148 0.39873597 0.32131982 0.06413308 0.01546965
0.05065247 0.21975564 0.21448371 0.25961315 0.25549502
0.16372133 0.35744223 0.04146654 0.23732894 0.20004095
0.29146979 0.21748254 0.04097790 0.29169098 0.15837880
0.09788385 0.08629954 0.19166017 0.36377464 0.26038180
0.38801857 0.00350480 0.09688808 0.24952316 0.26206538
0.30876055 0.27129467 0.37399273 0.04286720 0.00308485
0.10301843 0.15018201 0.39669227 0.33012234 0.01998495
0.18861420 0.26085506 0.28698495 0.23303090 0.03051488
0.26732488 0.20316139 0.09437522 0.28211854 0.15301997
0.06879799 0.23677593 0.06033059 0.24017670 0.39391878
0.25933230 0.22372541 0.27758423 0.14002085 0.09933720
0.37379265 0.06754408 0.30703594 0.10740603 0.14422131
0.39479159 0.04062221 0.16475288 0.31435263 0.08548068
0.19408415 0.17915515 0.20795434 0.15257483 0.26623152
0.20531562 0.46559018 0.10982957 0.09776814 0.12149649
0.25661380 0.16956767 0.26261163 0.00791422 0.30329268
0.01243443 0.26606362 0.29493066 0.12157103 0.30500026
0.04379481 0.11644111 0.32832333 0.03368059 0.47776016
0.12205116 0.23994118 0.20707870 0.15001810 0.28091085
0.14161803 0.07005745 0.30108082 0.09737528 0.38986842
0.26967779 0.29751072 0.21708083 0.02397465 0.19175601
0.16951329 0.21708669 0.28833483 0.04169124 0.28337395
0.23316406 0.19738400 0.11187049 0.23572170 0.22185976
0.18643055 0.14291334 0.16004180 0.25236880 0.25824550
0.23147552 0.14689735 0.15108488 0.23079042 0.23975183
0.01930075 0.27679227 0.31326433 0.12772535 0.26291731
0.05146155 0.32322897 0.23093284 0.18431199 0.21006465
0.27538212 0.20542356 0.21866391 0.09099461 0.20953580
0.15878875 0.31973245 0.37829994 0.07782836 0.06535050
0.08954998 0.38691960 0.05896010 0.04144631 0.42312400
0.12709320 0.15533043 0.25632546 0.32645087 0.13480003
0.16533518 0.19764103 0.11465259 0.25049560 0.27187560
0.13574888 0.10401633 0.35380601 0.03933457 0.36709421
0.11025249 0.15635417 0.20226513 0.25808519 0.27304302
0.07232442 0.29586685 0.26886521 0.05072822 0.31221529
0.30508761 0.28755716 0.14125014 0.09781932 0.16828576
0.15199372 0.01160213 0.09263267 0.12279147 0.62098001
0.01351837 0.11367322 0.75387664 0.01129451 0.10763726
0.08262921 0.10168598 0.44997898 0.14136005 0.22434578
0.16158892 0.13794180 0.28568663 0.29698122 0.11780143
0.19210798 0.27756925 0.15695590 0.27286578 0.10050109
0.27569194 0.25896995 0.18630306 0.04695253 0.23208252
0.09858616 0.07728061 0.21106880 0.20973991 0.40332452
0.28169062 0.14352463 0.23754276 0.18464472 0.15259728
0.19952965 0.13564188 0.24024202 0.19200646 0.23257999
0.11866440 0.26518376 0.01308653 0.15435339 0.44871192
0.05401349 0.34531555 0.13212052 0.25586101 0.21268944
0.20225275 0.23481966 0.24508214 0.19672805 0.12111739
0.03929446 0.23947481 0.19527286 0.22695494 0.29900293
0.05402272 0.09482034 0.45965536 0.21201981 0.17948178
0.07903604 0.21787436 0.41602699 0.28277891 0.00428370
0.22003874 0.02992412 0.30865259 0.24826139 0.19312315
0.05192612 0.12351913 0.47420908 0.27332893 0.07701673
0.24631216 0.12986658 0.23843485 0.28254628 0.10284012
0.28078611 0.07263461 0.32081199 0.15879018 0.16697711
0.20726686 0.24904355 0.03283469 0.21429655 0.29655834
0.26115431 0.14268823 0.20035254 0.19042663 0.20537829
0.16357752 0.26564308 0.01032523 0.24945722 0.31099695
0.08190395 0.43597655 0.18470161 0.12485377 0.17256412
0.21240911 0.20617225 0.10958392 0.16743251 0.30440220
0.24154000 0.06604245 0.38457315 0.16685850 0.14098589
0.06551312 0.05598618 0.51221127 0.23398996 0.13229946
0.13168799 0.00068171 0.09126156 0.41871169 0.35765705
0.23002827 0.25121629 0.24998530 0.25100012 0.01777002
0.17683288 0.30797350 0.19174879 0.05933157 0.26411327
0.16892048 0.16836824 0.27614831 0.14373342 0.24282954
0.05042047 0.18974697 0.16321483 0.31435187 0.28226587
0.24268208 0.10245341 0.20714581 0.23508949 0.21262922
0.27805249 0.37285626 0.12408293 0.22191850 0.00308982
0.14431001 0.66813254 0.06703512 0.02833212 0.09219020
0.11857575 0.44951327 0.16889353 0.12958779 0.13342966
0.28824505 0.13849022 0.07934354 0.30329320 0.19062800
0.16834340 0.09523530 0.20946607 0.26624136 0.26071388
0.29148371 0.14503401 0.12938099 0.23811719 0.19598410
0.38676199 0.05887514 0.19283446 0.09921864 0.26230978
0.05765237 0.38891204 0.29830567 0.18297383 0.07215609
0.03601914 0.27024178 0.41305396 0.16460496 0.11608016
0.23413003 0.16476685 0.33047822 0.11547131 0.15515359
0.00365531 0.29313045 0.23010923 0.35896093 0.11414408
0.03699511 0.26683345 0.13400550 0.16880132 0.39336463
0.19699039 0.08928150 0.30963210 0.09392137 0.31017465
0.09268534 0.22087845 0.18713518 0.29768813 0.20161290
0.24603699 0.13234400 0.18593839 0.26749227 0.16818836
0.04795779 0.15596576 0.34582886 0.26969611 0.18055149
0.21511634 0.08290346 0.35039729 0.30460448 0.04697843
0.10442561 0.21502348 0.19510608 0.19266938 0.29277545
0.32466760 0.25466053 0.00640949 0.07063710 0.34362527
0.06900613 0.34378957 0.42681330 0.07391317 0.08647782
0.39008224 0.00711704 0.00892471 0.43921967 0.15465634
0.04565060 0.22353092 0.16804254 0.39624593 0.16653002
0.27600620 0.15549755 0.17934884 0.27470891 0.11443850
0.24703287 0.28036248 0.21529821 0.16722508 0.09008136
0.05946767 0.40353373 0.01003689 0.34826819 0.17869352
0.11035185 0.28650056 0.16369840 0.30978510 0.12966409
0.04458958 0.41989287 0.18603582 0.16549415 0.18398757
0.13478334 0.16955870 0.26709297 0.22735522 0.20120977
0.39534904 0.27601963 0.00806456 0.13554301 0.18502377
0.10668193 0.32999736 0.22306756 0.25625894 0.08399420
0.09635317 0.23399364 0.35376037 0.12428710 0.19160572
0.43531396 0.03756991 0.05929067 0.05676371 0.41106176
0.04329855 0.26553426 0.24317910 0.16404764 0.28394045
0.23094980 0.09953887 0.20651276 0.18784796 0.27515061
0.24230011 0.01186797 0.25121496 0.24385237 0.25076459
0.15990368 0.03961912 0.11344088 0.39513671 0.29189961
0.11548485 0.37740474 0.01504505 0.23560663 0.25645872
0.00147342 0.44714656 0.27188385 0.00660695 0.27288923
0.19897341 0.26115627 0.05020747 0.27112077 0.21854207
0.18221361 0.16406822 0.20293355 0.28752148 0.16326313
0.19691500 0.06070442 0.28239350 0.21121760 0.24876948
0.30170819 0.19574315 0.04215998 0.31157955 0.14880913
0.21769740 0.26653115 0.10178108 0.33232317 0.08166719
0.18393901 0.20938866 0.40544120 0.08162066 0.11961047
0.42241494 0.05485367 0.02238621 0.38797675 0.11236844
0.14752919 0.10321949 0.08055641 0.49280282 0.17589210
0.14154880 0.07025277 0.41302989 0.30509943 0.07006911
0.21789919 0.31505280 0.17737395 0.10775810 0.18191596
0.26821783 0.12817824 0.31967470 0.00312580 0.28080343
0.13013477 0.10862927 0.24077497 0.13059475 0.38986623
0.07782868 0.26826866 0.28104069 0.16216876 0.21069321
0.34453966 0.03528373 0.28077375 0.23784505 0.10155781
0.55086966 0.11198383 0.00964239 0.24735643 0.08014770
0.13569724 0.23045951 0.03659130 0.23265092 0.36460105
0.12070417 0.05541059 0.36390121 0.24882990 0.21115414
0.15169852 0.05228822 0.23448885 0.31972419 0.24180022
0.23828826 0.19832659 0.05971286 0.40302353 0.10064877
0.21509193 0.26162296 0.21745662 0.13164559 0.17418290
0.10241782 0.13557751 0.33332747 0.33294165 0.09573555
0.26334724 0.08510235 0.06742061 0.20807214 0.37605766
0.19341504 0.25210321 0.21706528 0.22516109 0.11225537
0.31372912 0.13330113 0.34490680 0.00993691 0.19812604
0.15119987 0.12091866 0.35831793 0.19133387 0.17822967
0.03504727 0.26575588 0.28639006 0.13653314 0.27627365
0.28793071 0.14886381 0.19773379 0.25871015 0.10676154
0.31630859 0.11004375 0.35958471 0.18974654 0.02431641
0.39651703 0.05853663 0.09058589 0.04430663 0.41005382
0.21936078 0.09941509 0.33727860 0.21339288 0.13055266
0.17574426 0.18771631 0.24372885 0.20632568 0.18648490
0.26949046 0.24801629 0.30771289 0.06435230 0.11042806
0.20545013 0.07880379 0.41503432 0.09515523 0.20555654
0.16479415 0.31820285 0.21447315 0.11730858 0.18522127
0.31143949 0.04377737 0.29302393 0.17973156 0.17202764
0.37403841 0.17628867 0.27850627 0.15204446 0.01912219
0.33016376 0.16197058 0.26531726 0.03260676 0.20994164
0.24265969 0.25989792 0.22433502 0.00561315 0.26749422
0.33527984 0.13650187 0.04756192 0.24320000 0.23745638
0.05017736 0.26002118 0.30879724 0.13163105 0.24937317
0.17565726 0.31351820 0.09353034 0.24173991 0.17555430
0.13861451 0.27121013 0.03587601 0.22884292 0.32545643
0.15094364 0.14945750 0.25283688 0.27806891 0.16869307
0.17838042 0.00653567 0.27650002 0.26606479 0.27251910
0.23371663 0.02603666 0.37504083 0.00786328 0.35734260
0.22349141 0.03068460 0.21698385 0.16113833 0.36770182
0.11953174 0.23448842 0.12318756 0.21405205 0.30874023
0.00489970 0.28974386 0.31434888 0.15007308 0.24093448
0.09458045 0.41746124 0.27197722 0.02618268 0.18979841
0.31601444 0.25963006 0.22835865 0.14685727 0.04913958
0.36529112 0.13685840 0.02636825 0.03194600 0.43953623
0.06617777 0.12331668 0.33329076 0.36518450 0.11203029
0.01797177 0.18284883 0.05424399 0.34591931 0.39901611
0.18245308 0.22242414 0.11113320 0.20961070 0.27437888
0.05900144 0.18635828 0.34075970 0.09266613 0.32121444
0.03040627 0.20945382 0.13868696 0.09461977 0.52683317
0.21984310 0.22744975 0.23919352 0.21295299 0.10056064
0.30016014 0.31669571 0.17029157 0.15454880 0.05830378
0.31768874 0.00576536 0.03096225 0.23441127 0.41117238
0.09807597 0.13433112 0.25197298 0.23160670 0.28401323
0.22536307 0.00472098 0.10384247 0.24649660 0.41957688
0.05817680 0.54128666 0.20797530 0.13653765 0.05602359
0.23700143 0.25258952 0.10233506 0.24578335 0.16229064
0.23828381 0.12867796 0.25659983 0.35647749 0.01996091
0.24594284 0.15115426 0.25577023 0.16370754 0.18342512
0.24824599 0.21335788 0.12850902 0.06081579 0.34907132
0.20707301 0.05907762 0.28647920 0.30511127 0.14225890
0.29177143 0.06437800 0.06764300 0.39464619 0.18156138
0.13069082 0.46960192 0.12398508 0.26433904 0.01138314
0.12287021 0.02322879 0.34739839 0.27090054 0.23560207
