50000
0.00000000 0.36736105 0.13132448 0.08237148 0.41894300
0.00000009 0.01292367 0.69824274 0.20984122 0.07899229
0.00000012 0.44163916 0.09360004 0.21418121 0.25057947
0.00000003 0.53131600 0.07491386 0.38413015 0.00963996
0.00000004 0.44599513 0.05168503 0.01897648 0.48334332
0.00000007 0.00486043 0.74728947 0.16929434 0.07855569
0.00000000 0.30119331 0.25041642 0.40744019 0.04095009
0.00000000 0.18297053 0.24425017 0.44281996 0.12995934
0.00000006 0.44428335 0.05757617 0.09431688 0.40382354
0.00000003 0.33614722 0.49077108 0.00708804 0.16599364
0.00000000 0.40188382 0.29499450 0.02499144 0.27813023
0.00000000 0.01025884 0.57036782 0.02288626 0.39648708
0.00000010 0.68114907 0.04369414 0.17827884 0.09687785
0.00000005 0.02043761 0.01501692 0.00086444 0.96368099
0.00000006 0.34562431 0.03850309 0.11876665 0.49710589
0.00000005 0.31210796 0.32143497 0.13756701 0.22889000
0.00000000 0.36070293 0.19319219 0.18876924 0.25733564
0.00000004 0.32888495 0.00490938 0.21899255 0.44721309
0.00000004 0.35649616 0.21128502 0.00053067 0.43168811
0.00000000 0.35386227 0.03579326 0.40341308 0.20693139
0.00000045 0.52982560 0.13688174 0.24407012 0.08922210
0.00000007 0.04317004 0.49059583 0.01884381 0.44739025
0.00000000 0.94256565 0.01677303 0.03969804 0.00096327
0.00000005 0.43664062 0.28650428 0.04211794 0.23473711
0.00000005 0.00030185 0.19354648 0.61584845 0.19030316
0.00000008 0.28368780 0.39758151 0.22023626 0.09849434
0.00000000 0.24673039 0.45360597 0.28679308 0.01287056
0.00000000 0.32313802 0.42372113 0.15555393 0.09758692
0.00000002 0.67051213 0.15970011 0.00265012 0.16713762
0.00000000 0.00657293 0.94635272 0.04665993 0.00041442
0.00000000 0.12634747 0.48263786 0.32090608 0.07010860
0.00000000 0.48807464 0.22002387 0.27081377 0.02108772
0.00000000 0.41187486 0.31649464 0.01011842 0.26151208
0.00000000 0.49447269 0.06441302 0.35939080 0.08172349
0.00000008 0.00369791 0.37721329 0.49666824 0.12242048
0.00000001 0.00004243 0.57033663 0.32045884 0.10916209
0.00000060 0.25302393 0.01272902 0.02798233 0.70626411
0.00000007 0.52991841 0.03376189 0.01316785 0.42315178
0.00000007 0.03196797 0.00163666 0.22303360 0.74336170
0.00000000 0.62617361 0.33355348 0.00972867 0.03054424
0.00000000 0.00000926 0.53071881 0.05549979 0.41377214
0.00000002 0.13337138 0.19072510 0.22497099 0.45093252
0.00000000 0.26993417 0.28463630 0.00873730 0.43669223
0.00000000 0.18939180 0.46862018 0.02039840 0.32158962
0.00000000 0.21584747 0.04980241 0.25741695 0.47693317
0.00000000 0.44230902 0.01463671 0.16974370 0.37331057
0.00000000 0.48558468 0.35490623 0.04885923 0.11064987
0.00000000 0.18574082 0.31237044 0.17287256 0.32901619
0.00000002 0.10965079 0.23703455 0.24721491 0.40609973
0.00000000 0.46884332 0.48251118 0.00290073 0.04574478
0.00000015 0.07801695 0.72680381 0.14669838 0.04848070
0.00000007 0.06920783 0.40954320 0.01665594 0.50459296
0.00000002 0.23863076 0.27930957 0.08773261 0.39432704
0.00000000 0.48201641 0.00033867 0.02194958 0.49569535
0.00000000 0.33235945 0.31225900 0.30862504 0.04675651
0.00000004 0.52640236 0.25361481 0.00723681 0.21274598
0.00000005 0.00898455 0.33306134 0.18287006 0.47508400
0.00000000 0.60417162 0.00282869 0.00021256 0.39278714
0.00000000 0.44041829 0.53249502 0.00896818 0.01811851
0.00000000 0.26074337 0.02034619 0.50059904 0.21831140
0.00000004 0.30203508 0.35217283 0.01806817 0.32772386
0.00000005 0.64668921 0.15751347 0.02455554 0.17124174
0.00000000 0.00284163 0.47535441 0.31514708 0.20665687
0.00000003 0.32511986 0.65598585 0.01753076 0.00136349
0.00000005 0.04551321 0.06731732 0.88092836 0.00624107
0.00000025 0.44798662 0.00095509 0.08595536 0.46510267
0.00000005 0.06452000 0.30773493 0.00856583 0.61917920
0.00000004 0.34865243 0.27552377 0.16195065 0.21387311
0.00000003 0.02164972 0.28651748 0.29888150 0.39295128
0.00000000 0.09544184 0.35702970 0.50929633 0.03823213
0.00000009 0.17992777 0.06202964 0.09596271 0.66207979
0.00000000 0.21922755 0.04088140 0.39382607 0.34606499
0.00000000 0.27599640 0.32966359 0.01199723 0.38234278
0.00000000 0.03931291 0.20120279 0.06086123 0.69862306
0.00000000 0.31261102 0.00000939 0.68505132 0.00232828
0.00000008 0.71401463 0.00044871 0.11556770 0.16996888
0.00000000 0.10313063 0.71570988 0.17699978 0.00415971
0.00000000 0.04305941 0.53030705 0.06905692 0.35757663
0.00000003 0.01024831 0.13118445 0.37398256 0.48458465
0.00000000 0.01324830 0.39894680 0.39242479 0.19538012
0.00000000 0.44392525 0.44351332 0.00912119 0.10344024
0.00000061 0.30368892 0.25511673 0.21024003 0.23095371
0.00000004 0.16258493 0.24479238 0.48820080 0.10442185
0.00000066 0.15989317 0.66949276 0.15864725 0.01196617
0.00000005 0.25994279 0.72870125 0.00010314 0.01125277
0.00000000 0.20941211 0.54688942 0.12036931 0.12332916
0.00000001 0.26107897 0.20788039 0.27216131 0.25887931
0.00000007 0.87390337 0.06962622 0.00408547 0.05238486
0.00000003 0.20299026 0.49836581 0.01837517 0.28026873
0.00000004 0.25528667 0.37161028 0.30241202 0.07069098
0.00000000 0.00834750 0.17824588 0.80036951 0.01303711
0.00000004 0.05553112 0.21484219 0.64356498 0.08606167
0.00000000 0.19056714 0.15365617 0.07736519 0.57841150
0.00000009 0.14274128 0.03745311 0.77535932 0.04444620
0.00000016 0.39093650 0.04902098 0.29027098 0.26977138
0.00000006 0.06537037 0.04358599 0.05399910 0.83704448
0.00000000 0.04424163 0.00272230 0.04471368 0.90832238
0.00000000 0.30085523 0.38018549 0.30399460 0.01496467
0.00000000 0.17467855 0.34535201 0.15452147 0.32544797
0.00000002 0.09378778 0.42239189 0.08528885 0.39853145
0.00000000 0.01885690 0.27261191 0.37852709 0.33000409
0.00000005 0.37514716 0.14477784 0.08054759 0.39952736
0.00000019 0.02235844 0.52677432 0.44336808 0.00749897
0.00000000 0.63854535 0.18687041 0.06704972 0.10753451
0.00000003 0.00582630 0.36492737 0.59018291 0.03906339
0.00000000 0.46207064 0.05493729 0.40980457 0.07318750
0.00000000 0.05957419 0.12397446 0.67747289 0.13897847
0.00000000 0.79318503 0.04202363 0.02120206 0.14358929
0.00000001 0.11837324 0.29434891 0.34786137 0.23941646
0.00000000 0.89628825 0.03460772 0.00643722 0.06266681
0.00000009 0.00466476 0.05739106 0.71056699 0.22737711
0.00000000 0.02856108 0.17053985 0.73267769 0.06822138
0.00000001 0.11933367 0.24225483 0.56856225 0.06984924
0.00000008 0.00037812 0.16368886 0.27617652 0.55975642
0.00000005 0.25135003 0.00001554 0.43223351 0.31640087
0.00000000 0.81147932 0.06174400 0.12404608 0.00273060
0.00000002 0.29803032 0.19919151 0.50244185 0.00033631
0.00000000 0.36415208 0.00000769 0.62552814 0.01031209
0.00000002 0.53217595 0.34203367 0.01204967 0.11374070
0.00000005 0.06713876 0.08841338 0.56493481 0.27951300
0.00000000 0.09276556 0.31158388 0.49767327 0.09797729
0.00000000 0.79147313 0.00935755 0.11184456 0.08732476
0.00000004 0.66100893 0.06190607 0.16658071 0.11050425
0.00000000 0.49871607 0.16905123 0.31831473 0.01391797
0.00000000 0.29659251 0.17665329 0.38692227 0.13983193
0.00000000 0.00254090 0.00447825 0.36641173 0.62656911
0.00000003 0.09539623 0.42505943 0.09424871 0.38529559
0.00000000 0.25219167 0.00153579 0.32031939 0.42595315
0.00000008 0.94827909 0.02220611 0.02951334 0.00000137
0.00000000 0.50209504 0.44452748 0.02117205 0.03220543
0.00000000 0.01398792 0.82102691 0.13434850 0.03063667
0.00000000 0.41997802 0.57647173 0.00173561 0.00181463
0.00000005 0.48681117 0.05877102 0.01535485 0.43906291
0.00000000 0.20372296 0.74132804 0.04603614 0.00891287
0.00000002 0.49083436 0.36148776 0.13241099 0.01526685
0.00000007 0.21100280 0.13561372 0.59619921 0.05718421
0.00000000 0.57854812 0.13987082 0.03238441 0.24919665
0.00000000 0.21476607 0.29720236 0.21902352 0.26900805
0.00000000 0.10221396 0.40954939 0.37475443 0.11348222
0.00000004 0.28963891 0.16800408 0.28540218 0.25695479
0.00000000 0.33514270 0.19992916 0.40399223 0.06093591
0.00000000 0.24608502 0.27078164 0.07547510 0.40765825
0.00000000 0.38436050 0.16547072 0.28150181 0.16866696
0.00000000 0.02311914 0.00120405 0.52344439 0.45223242
0.00000000 0.11159949 0.45389228 0.00597039 0.42853783
0.00000006 0.00013549 0.27409390 0.20143245 0.52433811
0.00000002 0.16597347 0.31489678 0.51571606 0.00341366
0.00000000 0.04018097 0.07804022 0.46376505 0.41801377
0.00000000 0.00014704 0.22449850 0.48654910 0.28880535
0.00000003 0.49401809 0.22497743 0.23026926 0.05073518
0.00000003 0.31643452 0.24514269 0.40330146 0.03512129
0.00000002 0.47762216 0.10324398 0.07509548 0.34403836
0.00000003 0.00008402 0.40621879 0.10989083 0.48380632
0.00000002 0.01594984 0.43428296 0.18076849 0.36899869
0.00000000 0.25312349 0.02876833 0.43707426 0.28103392
0.00000002 0.16914490 0.20810489 0.23666106 0.38608912
0.00000000 0.28263159 0.37296597 0.33224168 0.01216075
0.00000004 0.23107771 0.39858389 0.12140012 0.24893824
0.00000022 0.00056050 0.02551880 0.94785653 0.02606395
0.00000000 0.40332939 0.10763739 0.42576633 0.06326689
0.00000006 0.49461360 0.21938290 0.14076518 0.14523826
0.00000003 0.34414122 0.05703256 0.00045991 0.59836628
0.00000000 0.36335126 0.13516777 0.48808820 0.01339278
0.00000000 0.02642313 0.04931802 0.00301473 0.92124411
0.00000003 0.06819507 0.86524873 0.06126898 0.00528719
0.00000004 0.35607319 0.31821691 0.03354477 0.29216509
0.00000003 0.46198835 0.02425863 0.33169036 0.18206263
0.00000000 0.22839001 0.32072777 0.31822641 0.13265580
0.00000000 0.19427656 0.41761281 0.38677815 0.00133248
0.00000000 0.14624577 0.15378032 0.16729372 0.53268019
0.00000000 0.19594613 0.30606304 0.47815860 0.01983223
0.00000005 0.60489465 0.21668530 0.17699979 0.00142021
0.00000000 0.62890609 0.08631038 0.10507372 0.17970981
0.00000000 0.07225904 0.62259460 0.23704700 0.06809936
0.00000005 0.33362460 0.40722947 0.04031328 0.21883260
0.00000009 0.27886031 0.08880779 0.32344939 0.30888242
0.00000008 0.01044352 0.00755057 0.93808743 0.04391841
0.00000006 0.51233918 0.45647264 0.03075530 0.00043282
0.00000000 0.00150134 0.09310307 0.41164304 0.49375255
0.00000000 0.51144262 0.18023304 0.28942965 0.01889469
0.00000000 0.00787071 0.97318278 0.01717059 0.00177593
0.00000003 0.01144241 0.26377474 0.36456543 0.36021740
0.00000001 0.00659677 0.73076733 0.00346569 0.25917019
0.00000003 0.27126232 0.01724089 0.47483604 0.23666073
0.00000012 0.70305236 0.00482524 0.27664418 0.01547810
0.00000000 0.31078596 0.46908610 0.15339688 0.06673107
0.00000000 0.25849686 0.11949757 0.12327222 0.49873336
0.00000000 0.82973124 0.05169978 0.06923824 0.04933074
0.00000000 0.50016156 0.20958914 0.01551370 0.27473560
0.00000000 0.03642273 0.33315218 0.38659449 0.24383060
0.00000000 0.39410225 0.47138320 0.10480601 0.02970854
0.00000007 0.00000984 0.96517175 0.03288224 0.00193609
0.00000000 0.45977916 0.04829899 0.34679794 0.14512390
0.00000000 0.01448066 0.17567580 0.42030349 0.38954005
0.00000000 0.02139405 0.30691354 0.29279943 0.37889297
0.00000002 0.42007581 0.01231538 0.34375281 0.22385598
0.00000001 0.15647057 0.35244253 0.06654011 0.42454677
0.00000000 0.44813695 0.33716975 0.03701337 0.17767993
0.00000000 0.97558041 0.00186563 0.01341325 0.00914071
0.00000000 0.13012718 0.07760136 0.36875973 0.42351173
0.00000000 0.05538054 0.68882401 0.05033986 0.20545559
0.00000000 0.20855772 0.03300134 0.70444478 0.05399615
0.00000010 0.29115236 0.00180490 0.60899342 0.09804922
0.00000000 0.42753386 0.43198641 0.13769798 0.00278175
0.00000004 0.11633905 0.35145424 0.31483603 0.21737064
0.00000000 0.13730305 0.33272156 0.40720851 0.12276689
0.00000000 0.27464908 0.52087700 0.17951706 0.02495686
0.00000000 0.39545699 0.01444187 0.27708653 0.31301461
0.00000003 0.05538052 0.36656457 0.22799975 0.35005513
0.00000000 0.26908243 0.00489657 0.16262628 0.56339471
0.00000000 0.05570034 0.24956111 0.66218773 0.03255082
0.00000000 0.34975038 0.31892494 0.31932325 0.01200143
0.00000020 0.66459944 0.06172945 0.27081794 0.00285296
0.00000002 0.07044520 0.51514626 0.15493986 0.25946866
0.00000000 0.52270239 0.08492580 0.07026141 0.32211039
0.00000000 0.11768495 0.29323440 0.51122346 0.07785720
0.00000006 0.19480118 0.12457553 0.02385109 0.65677215
0.00000000 0.64102575 0.32162533 0.00242873 0.03492020
0.00000000 0.33228777 0.06598735 0.25604881 0.34567606
0.00000000 0.62245688 0.05034951 0.00002122 0.32717240
0.00000002 0.33053504 0.32931175 0.32393676 0.01621642
0.00000000 0.53831107 0.02624034 0.25285907 0.18258953
0.00000009 0.42745281 0.00034407 0.37461072 0.19759232
0.00000000 0.05296723 0.50109976 0.04668242 0.39925058
0.00000010 0.17761353 0.45673011 0.01026227 0.35539399
0.00000000 0.23405803 0.00968226 0.36122505 0.39503466
0.00000000 0.00511852 0.20722941 0.35849101 0.42916106
0.00000002 0.40630705 0.41584457 0.17257516 0.00527320
0.00000003 0.29966078 0.21992638 0.19314210 0.28727072
0.00000000 0.17185878 0.31659774 0.24659357 0.26494990
0.00000004 0.12607632 0.29210988 0.15631589 0.42549788
0.00000000 0.44409533 0.38838051 0.05836489 0.10915927
0.00000000 0.32491316 0.06731335 0.24601282 0.36176067
0.00000002 0.42325763 0.01169732 0.26860331 0.29644171
0.00000000 0.40400783 0.48712831 0.08732917 0.02153469
0.00000000 0.38094226 0.00405443 0.30926937 0.30573394
0.00000003 0.00020000 0.35980952 0.05481577 0.58517469
0.00000000 0.13701981 0.01224773 0.49824554 0.35248692
0.00000001 0.15468007 0.22932431 0.16538645 0.45060916
0.00000000 0.07661360 0.05233032 0.56001214 0.31104393
0.00000006 0.01110928 0.29830918 0.57857946 0.11200202
0.00000000 0.56181659 0.01576515 0.42138432 0.00103394
0.00000004 0.16595485 0.10568126 0.17382769 0.55453617
0.00000001 0.34126851 0.31097490 0.18343427 0.16432231
0.00000007 0.00920068 0.00816495 0.79708587 0.18554843
0.00000006 0.15140049 0.15094752 0.68291584 0.01473609
0.00000003 0.23935858 0.39524697 0.30419322 0.06120120
0.00000004 0.07322253 0.10817847 0.57526940 0.24332956
0.00000002 0.05636138 0.79356874 0.03209506 0.11797480
0.00000000 0.04089290 0.91309226 0.00605281 0.03996203
0.00000003 0.77934550 0.13410346 0.07861392 0.00793709
0.00000000 0.27548243 0.40831526 0.31083604 0.00536627
0.00000025 0.07312831 0.01036930 0.79086176 0.12564038
0.00000004 0.28752295 0.12740761 0.15196761 0.43310179
0.00000000 0.25790885 0.32345956 0.33051672 0.08811488
0.00000000 0.80211415 0.15612374 0.03733648 0.00442564
0.00000000 0.16747124 0.38023015 0.04664904 0.40564957
0.00000000 0.16374594 0.64100498 0.13186859 0.06338049
0.00000000 0.13956775 0.04802009 0.35038493 0.46202724
0.00000000 0.34371254 0.24962772 0.08383468 0.32282507
0.00000000 0.53500321 0.07249592 0.34077300 0.05172787
0.00000012 0.37525594 0.17841529 0.34368274 0.10264592
0.00000003 0.10120085 0.52300591 0.03199225 0.34380096
0.00000003 0.00905853 0.03080083 0.44591922 0.51422139
0.00000000 0.79746021 0.10145082 0.10033793 0.00075103
0.00000000 0.11257723 0.43594813 0.06783656 0.38363807
0.00000000 0.03589177 0.22390389 0.39997546 0.34022888
0.00000000 0.08242062 0.17247658 0.22880157 0.51630122
0.00000002 0.17251362 0.68269780 0.10130723 0.04348133
0.00000005 0.10530189 0.19362324 0.18638116 0.51469366
0.00000000 0.33110122 0.28643182 0.37103398 0.01143298
0.00000000 0.01742171 0.16816327 0.80251569 0.01189933
0.00000002 0.10512699 0.40510132 0.40969760 0.08007407
0.00000010 0.28277605 0.11801653 0.19743811 0.40176922
0.00000000 0.05962806 0.53875779 0.01456478 0.38704937
0.00000000 0.56397681 0.07019434 0.15382205 0.21200680
0.00000000 0.19794508 0.36304063 0.34572108 0.09329320
0.00000000 0.41975358 0.12357448 0.36339509 0.09327685
0.00000000 0.36709032 0.07521889 0.49315986 0.06453093
0.00000000 0.00018412 0.29690489 0.44702564 0.25588535
0.00000000 0.19489783 0.28217127 0.32507899 0.19785191
0.00000000 0.24328782 0.15303651 0.19173620 0.41193948
0.00000008 0.01053864 0.50987917 0.36304129 0.11654082
0.00000000 0.00557947 0.16387659 0.02943157 0.80111236
0.00000000 0.73131735 0.20110539 0.02191759 0.04565968
0.00000000 0.24376034 0.28632442 0.27152502 0.19839021
0.00000001 0.35513170 0.46084253 0.00176090 0.18226486
0.00000000 0.19181804 0.28007034 0.47679290 0.05131872
0.00000003 0.06064041 0.08117800 0.60142173 0.25675982
0.00000006 0.24827871 0.32880906 0.27453349 0.14837868
0.00000000 0.48849281 0.16961364 0.11922165 0.22267190
0.00000000 0.36228994 0.26878038 0.01779120 0.35113849
0.00000000 0.06395798 0.00272030 0.58928961 0.34403211
0.00000003 0.03848704 0.01793502 0.31656547 0.62701244
0.00000000 0.18586459 0.48870652 0.21012894 0.11529995
0.00000000 0.02089345 0.11034860 0.69775195 0.17100600
0.00000002 0.16642417 0.21064004 0.33557126 0.28736450
0.00000002 0.25437970 0.38546233 0.20545344 0.15470450
0.00000000 0.01952692 0.37547262 0.19501367 0.40998679
0.00000000 0.33767515 0.17621045 0.39074733 0.09536707
0.00000002 0.00091249 0.34429846 0.33724394 0.31754509
0.00000002 0.12766793 0.00456810 0.37230928 0.49545467
0.00000008 0.24946818 0.01288223 0.01208010 0.72556942
0.00000000 0.04695141 0.88980166 0.00817187 0.05507507
0.00000009 0.49728288 0.00511282 0.38508720 0.11251701
0.00000002 0.48518521 0.32468793 0.09733746 0.09278938
0.00000002 0.38640417 0.12788437 0.46575089 0.01996056
0.00000000 0.02488982 0.46210934 0.49049006 0.02251078
0.00000001 0.10825029 0.31617332 0.56336360 0.01221277
0.00000000 0.12639456 0.06923042 0.24938250 0.55499252
0.00000000 0.26050642 0.29541592 0.27362816 0.17044950
0.00000005 0.04189301 0.37175627 0.06243863 0.52391204
0.00000002 0.05923725 0.36147229 0.39323998 0.18605046
0.00000000 0.22545298 0.33157240 0.05042699 0.39254763
0.00000000 0.26561694 0.30655214 0.01542184 0.41240908
0.00000000 0.30525921 0.02305975 0.18717421 0.48450683
0.00000006 0.02752035 0.54769022 0.15645300 0.26833637
0.00000028 0.39703658 0.03632847 0.10585882 0.46077585
0.00000018 0.21935190 0.78036450 0.00007665 0.00020677
0.00000003 0.36570041 0.27376059 0.20115119 0.15938778
0.00000000 0.16330147 0.58244415 0.12352621 0.13072817
0.00000002 0.03726077 0.37090346 0.18332096 0.40851479
0.00000005 0.05569608 0.42060828 0.28587775 0.23781785
0.00000027 0.42834152 0.06785834 0.27139676 0.23240310
0.00000000 0.30011872 0.52133086 0.17362352 0.00492690
0.00000000 0.01495732 0.19445563 0.58850007 0.20208698
0.00000000 0.00658363 0.28958326 0.41027403 0.29355909
0.00000000 0.27475299 0.06446318 0.37537749 0.28540635
0.00000000 0.25298708 0.39732766 0.30500247 0.04468279
0.00000002 0.46869881 0.00802641 0.00074215 0.52253262
0.00000005 0.21738993 0.58661909 0.10641383 0.08957711
0.00000006 0.12911403 0.24820714 0.56960617 0.05307261
0.00000001 0.47068145 0.03146855 0.48978976 0.00806022
0.00000006 0.47411548 0.05589967 0.30116329 0.16882149
0.00000009 0.08284414 0.27714930 0.54668956 0.09331690
0.00000011 0.01065503 0.38007506 0.60151127 0.00775853
0.00000000 0.13057853 0.00518774 0.77199212 0.09224161
0.00000000 0.26243445 0.47568531 0.22359041 0.03828983
0.00000000 0.06952751 0.88276681 0.01309491 0.03461078
0.00000017 0.10331571 0.00009138 0.35162040 0.54497236
0.00000003 0.47712246 0.01991913 0.41472279 0.08823558
0.00000000 0.19038841 0.31270636 0.28586929 0.21103593
0.00000004 0.23338499 0.16704562 0.00092539 0.59864397
0.00000000 0.05297590 0.17956126 0.22840863 0.53905422
0.00000004 0.06465293 0.76293387 0.15036873 0.02204443
0.00000004 0.63838505 0.19617990 0.11637740 0.04905760
0.00000000 0.00225714 0.02143816 0.80768262 0.16862208
0.00000000 0.12881802 0.30160065 0.39014096 0.17944038
0.00000000 0.38568961 0.09964784 0.00455310 0.51010946
0.00000011 0.47885813 0.21193500 0.06854870 0.24065806
0.00000008 0.57371916 0.41790667 0.00778514 0.00058895
0.00000000 0.03374276 0.27785456 0.38286132 0.30554136
0.00000000 0.01140154 0.10022328 0.87751376 0.01086142
0.00000000 0.00408829 0.77888261 0.01823692 0.19879218
0.00000000 0.74367633 0.00789394 0.03585436 0.21257538
0.00000004 0.18728225 0.07838655 0.35405256 0.38027861
0.00000000 0.23817870 0.03740273 0.34875992 0.37565865
0.00000004 0.05692865 0.25885884 0.37769406 0.30651841
0.00000000 0.41157176 0.15884574 0.36002672 0.06955578
0.00000021 0.87498965 0.10207990 0.01426765 0.00866258
0.00000002 0.11714652 0.64344277 0.19886824 0.04054245
0.00000007 0.41473382 0.09273749 0.05919818 0.43333045
0.00000004 0.00428879 0.26885217 0.35472834 0.37213066
0.00000000 0.01811653 0.01086976 0.50487572 0.46613798
0.00000000 0.01203640 0.28357634 0.65459332 0.04979394
0.00000010 0.13013558 0.63138684 0.08922035 0.14925713
0.00000000 0.00919471 0.32372863 0.30691741 0.36015925
0.00000000 0.49194983 0.21851554 0.25887305 0.03066157
0.00000005 0.18560865 0.14015644 0.34208090 0.33215396
0.00000004 0.29177368 0.04506628 0.41144124 0.25171876
0.00000003 0.61045473 0.19425341 0.00251314 0.19277870
0.00000000 0.25011698 0.10756983 0.14633517 0.49597803
0.00000002 0.30168996 0.02666136 0.65580235 0.01584631
0.00000000 0.07673298 0.31079192 0.30413808 0.30833702
0.00000002 0.12757801 0.00748705 0.34526091 0.51967402
0.00000000 0.65252198 0.00952524 0.26215495 0.07579783
0.00000021 0.06869523 0.19814904 0.05771826 0.67543726
0.00000000 0.24650755 0.00133887 0.00320542 0.74894815
0.00000000 0.79080334 0.00322820 0.04024362 0.16572484
0.00000000 0.34534736 0.62379567 0.02251598 0.00834099
0.00000000 0.31435853 0.14648436 0.21321544 0.32594167
0.00000000 0.33467160 0.45432722 0.00751450 0.20348667
0.00000000 0.25009489 0.63051585 0.11775116 0.00163809
0.00000000 0.58981128 0.09007200 0.31597688 0.00413984
0.00000005 0.03855543 0.00298656 0.39714572 0.56131224
0.00000000 0.32587841 0.57154732 0.09279020 0.00978407
0.00000000 0.53480513 0.02016920 0.05180447 0.39322120
0.00000000 0.01915825 0.46148360 0.38622375 0.13313440
0.00000000 0.50261893 0.29074755 0.14895176 0.05768176
0.00000000 0.08399566 0.21000616 0.38069821 0.32529998
0.00000008 0.02008550 0.00131683 0.27341208 0.70518550
0.00000000 0.28194136 0.45845901 0.01729725 0.24230239
0.00000001 0.27560126 0.28692025 0.09117517 0.34630331
0.00000017 0.07996346 0.68479402 0.23354821 0.00169413
0.00000003 0.02333017 0.37334617 0.23884432 0.36447931
0.00000003 0.40324655 0.35772763 0.22612873 0.01289706
0.00000000 0.55509691 0.03869777 0.30246941 0.10373591
0.00000004 0.77243838 0.19288960 0.00023153 0.03444045
0.00000003 0.33818526 0.04474010 0.21551427 0.40156033
0.00000002 0.18284070 0.46309024 0.34138707 0.01268198
0.00000002 0.32981404 0.43684710 0.22271725 0.01062158
0.00000000 0.18701625 0.42191436 0.36487902 0.02619038
0.00000000 0.72476289 0.00011678 0.23241747 0.04270286
0.00000000 0.17041840 0.29712945 0.49971302 0.03273912
0.00000000 0.00148233 0.32602083 0.01568813 0.65680870
0.00000012 0.01521290 0.28146308 0.56697854 0.13634537
0.00000003 0.26921140 0.21155863 0.30368636 0.21554358
0.00000000 0.12157042 0.45109396 0.35097769 0.07635793
0.00000004 0.21133445 0.00196906 0.36536685 0.42132960
0.00000000 0.17409823 0.36603739 0.10717025 0.35269413
0.00000009 0.04366666 0.09308903 0.43801557 0.42522865
0.00000000 0.33532109 0.40989048 0.24832139 0.00646703
0.00000007 0.59599239 0.09923177 0.21083950 0.09393627
0.00000008 0.82286735 0.08029260 0.09271365 0.00412633
0.00000006 0.76458004 0.02908312 0.03478616 0.17155063
0.00000004 0.11093279 0.65043715 0.08386177 0.15476825
0.00000000 0.25627239 0.06070148 0.45283277 0.23019337
0.00000007 0.29013969 0.32686221 0.03215664 0.35084139
0.00000000 0.01383745 0.73527070 0.14746776 0.10342409
0.00000000 0.48933756 0.00603877 0.28325932 0.22136436
0.00000010 0.24748263 0.08046307 0.51370711 0.15834709
0.00000000 0.67690969 0.07247484 0.25035025 0.00026521
0.00000005 0.20139195 0.00061704 0.79738544 0.00060553
0.00000006 0.61008246 0.24902590 0.00713684 0.13375473
0.00000003 0.03678078 0.10928169 0.45866697 0.39527052
0.00000000 0.32403583 0.00179813 0.11723152 0.55693452
0.00000003 0.14458407 0.85143747 0.00118565 0.00279279
0.00000001 0.03743488 0.05536421 0.34292534 0.56427555
0.00000000 0.59385781 0.01589474 0.38932659 0.00092086
0.00000002 0.27305465 0.64266079 0.00229562 0.08198892
0.00000000 0.32557563 0.19561060 0.33814272 0.14067106
0.00000000 0.13332163 0.06976343 0.58827131 0.20864364
0.00000004 0.01223615 0.18945881 0.76822562 0.03007939
0.00000000 0.09847322 0.29307963 0.42169318 0.18675397
0.00000000 0.26961677 0.01178576 0.37775031 0.34084716
0.00000000 0.08606045 0.17149704 0.72614167 0.01630083
0.00000005 0.38183064 0.32847290 0.16209840 0.12759801
0.00000001 0.59047848 0.00734617 0.39392871 0.00824663
0.00000000 0.23118101 0.02319827 0.01704012 0.72858060
0.00000000 0.45474732 0.21922750 0.27492251 0.05110267
0.00000000 0.36541639 0.33709004 0.16393625 0.13355731
0.00000000 0.31397060 0.04646607 0.41195512 0.22760822
0.00000000 0.02687891 0.62060798 0.35104519 0.00146792
0.00000000 0.00147033 0.12042509 0.23242522 0.64567936
0.00000000 0.82617712 0.00407821 0.11910744 0.05063724
0.00000002 0.16640295 0.31062825 0.09501591 0.42795287
0.00000001 0.22986451 0.07101231 0.65053306 0.04859011
0.00000003 0.27946413 0.15742277 0.36207085 0.20104223
0.00000000 0.53357383 0.21770625 0.05406066 0.19465927
0.00000007 0.43060328 0.41662062 0.00041403 0.15236200
0.00000001 0.30204356 0.13007079 0.33547474 0.23241090
0.00000000 0.17880076 0.38498509 0.30764465 0.12856950
0.00000004 0.21493807 0.50014026 0.28451850 0.00040314
0.00000000 0.35111188 0.03979198 0.03874334 0.57035280
0.00000004 0.24091061 0.69996444 0.00576782 0.05335708
0.00000005 0.18212414 0.58434301 0.00207558 0.23145723
0.00000000 0.30747897 0.36802502 0.03745769 0.28703833
0.00000000 0.11204324 0.64139761 0.12872185 0.11783730
0.00000000 0.05646441 0.10958969 0.15690727 0.67703862
0.00000000 0.13350694 0.12873818 0.34340726 0.39434761
0.00000000 0.01287502 0.36312708 0.46803172 0.15596619
0.00000005 0.15879625 0.02100726 0.30306378 0.51713266
0.00000000 0.01387280 0.63289850 0.32242607 0.03080263
0.00000000 0.31604581 0.47567124 0.14151188 0.06677107
0.00000000 0.00083970 0.17431010 0.23768763 0.58716257
0.00000000 0.05617983 0.34860243 0.17455465 0.42066308
0.00000000 0.33031558 0.17543467 0.36382143 0.13042831
0.00000000 0.31253946 0.55136997 0.06510273 0.07098784
0.00000000 0.08276274 0.64516116 0.27087840 0.00119770
0.00000003 0.30823715 0.00000195 0.37493431 0.31682655
0.00000002 0.11343333 0.05210555 0.43144068 0.40302042
0.00000005 0.09294044 0.22740091 0.28791644 0.39174215
0.00000000 0.07856280 0.49196880 0.02035172 0.40911668
0.00000000 0.13146996 0.09245308 0.53274934 0.24332762
0.00000002 0.23591895 0.33967603 0.17157152 0.25283347
0.00000000 0.16731858 0.14795919 0.43066055 0.25406169
0.00000000 0.35843009 0.00078922 0.43985523 0.20092545
0.00000014 0.01384701 0.78343816 0.17856493 0.02414976
0.00000002 0.18517645 0.22568968 0.57464697 0.01448687
0.00000000 0.02750368 0.00237012 0.46059093 0.50953527
0.00000000 0.41936027 0.49234402 0.07711697 0.01117874
0.00000000 0.16416453 0.32036227 0.06074631 0.45472689
0.00000000 0.39127722 0.00071861 0.10892553 0.49907864
0.00000000 0.08949823 0.13845506 0.77193937 0.00010735
0.00000000 0.12038578 0.21063961 0.49692658 0.17204802
0.00000003 0.20583739 0.32761232 0.33702220 0.12952805
0.00000000 0.82168931 0.15808693 0.00785567 0.01236809
0.00000000 0.00089798 0.49405332 0.49885267 0.00619602
0.00000000 0.21898912 0.35669105 0.12598454 0.29833529
0.00000010 0.00064552 0.91190184 0.01185424 0.07559830
0.00000007 0.02782190 0.07543850 0.58679033 0.30994920
0.00000008 0.41206892 0.01846364 0.31006842 0.25939893
0.00000000 0.32809706 0.03845317 0.27618696 0.35726280
0.00000008 0.40867086 0.07532121 0.03708559 0.47892225
0.00000002 0.17757383 0.05016794 0.39249760 0.37976061
0.00000000 0.36715170 0.11760680 0.51462144 0.00062006
0.00000000 0.15930778 0.28276174 0.09721427 0.46071620
0.00000000 0.17412858 0.40240315 0.39924121 0.02422706
0.00000000 0.03474302 0.53846509 0.41916350 0.00762839
0.00000004 0.01446627 0.34006274 0.17367441 0.47179653
0.00000000 0.55639339 0.19897424 0.00279439 0.24183797
0.00000000 0.04687074 0.11590559 0.38334441 0.45387926
0.00000003 0.40294529 0.00135303 0.40734219 0.18835946
0.00000004 0.01360226 0.37139228 0.00474672 0.61025870
0.00000011 0.09507737 0.88480268 0.00233386 0.01778598
0.00000000 0.01599971 0.55085718 0.33257476 0.10056836
0.00000003 0.41764629 0.02238891 0.38342940 0.17653537
0.00000006 0.22638105 0.30862498 0.45319464 0.01179928
0.00000000 0.00013992 0.42977004 0.36263502 0.20745501
0.00000037 0.01594869 0.28824050 0.49345793 0.20235250
0.00000010 0.00000410 0.53689588 0.00546317 0.45763674
0.00000000 0.44994555 0.08201857 0.42509666 0.04293922
0.00000009 0.74261585 0.12447215 0.01946134 0.11345057
0.00000000 0.85206445 0.00026338 0.14008170 0.00759047
0.00000000 0.76101025 0.03284071 0.15260212 0.05354692
0.00000003 0.16892038 0.13575991 0.18623677 0.50908291
0.00000005 0.48528829 0.02039736 0.06135833 0.43295597
0.00000018 0.17405133 0.75718920 0.05670481 0.01205448
0.00000000 0.34025776 0.35714909 0.29119924 0.01139391
0.00000000 0.16000410 0.45366950 0.37179240 0.01453400
0.00000000 0.00005495 0.92342491 0.02558301 0.05093713
0.00000007 0.35713935 0.24656865 0.39606670 0.00022522
0.00000000 0.32375937 0.38677197 0.15658678 0.13288188
0.00000002 0.29987079 0.11160863 0.41000953 0.17851104
0.00000000 0.15013020 0.23834841 0.11260458 0.49891681
0.00000000 0.52795112 0.01454891 0.26601838 0.19148159
0.00000000 0.04788473 0.22839689 0.71615086 0.00756752
0.00000000 0.30908453 0.33966321 0.34306939 0.00818288
0.00000000 0.00069616 0.35671782 0.37783262 0.26475340
0.00000000 0.08391783 0.01126828 0.87804740 0.02676649
0.00000001 0.35493364 0.37920362 0.04423725 0.22162548
0.00000004 0.07109500 0.03955050 0.44352573 0.44582873
0.00000000 0.48237642 0.29613563 0.04736922 0.17411872
0.00000000 0.12516006 0.03355793 0.03313151 0.80815049
0.00000000 0.20541320 0.13536723 0.43358452 0.22563505
0.00000002 0.01697627 0.00238354 0.73416460 0.24647557
0.00000000 0.16069086 0.44023087 0.36263600 0.03644227
0.00000003 0.57980465 0.38122923 0.00533741 0.03362868
0.00000000 0.31827648 0.12959814 0.27949034 0.27263504
0.00000000 0.00896990 0.82315479 0.16754744 0.00032787
0.00000000 0.91299286 0.00061830 0.00000567 0.08638317
0.00000000 0.08351400 0.37969176 0.46492906 0.07186518
0.00000001 0.44915380 0.08879523 0.44993816 0.01211279
0.00000002 0.11775869 0.38771427 0.04948868 0.44503833
0.00000000 0.12159875 0.85115303 0.02724819 0.00000003
0.00000000 0.29555170 0.50887442 0.00511061 0.19046327
0.00000000 0.22999601 0.06490500 0.40381807 0.30128093
0.00000000 0.08198524 0.40085286 0.44381114 0.07335076
0.00000012 0.12571387 0.29795218 0.38364409 0.19268974
0.00000004 0.67065649 0.01016008 0.11108735 0.20809604
0.00000006 0.07267640 0.02435601 0.07573950 0.82722803
0.00000009 0.00131199 0.04593036 0.13077151 0.82198604
0.00000000 0.11551026 0.00068757 0.55880930 0.32499287
0.00000000 0.00103833 0.22733326 0.01106148 0.76056693
0.00000002 0.38610156 0.10028516 0.15212966 0.36148360
0.00000000 0.50015210 0.01732099 0.46219073 0.02033619
0.00000000 0.07295499 0.52504272 0.39868242 0.00331987
0.00000000 0.18556118 0.00891959 0.49765533 0.30786389
0.00000000 0.45841835 0.27781134 0.25091532 0.01285499
0.00000003 0.03048032 0.20498336 0.40340381 0.36113249
0.00000000 0.04358925 0.31446965 0.58199621 0.05994490
0.00000000 0.00267310 0.03272614 0.05728848 0.90731228
0.00000008 0.59226323 0.02940338 0.02509529 0.35323802
0.00000000 0.39520646 0.00016509 0.21762815 0.38700031
0.00000000 0.23371313 0.11058256 0.43469404 0.22101027
0.00000005 0.28323299 0.01085120 0.11270220 0.59321356
0.00000000 0.03405899 0.28669121 0.31755162 0.36169817
0.00000005 0.19093135 0.50660624 0.12530186 0.17716049
0.00000002 0.27750707 0.24046695 0.25497925 0.22704670
0.00000002 0.00683830 0.05249336 0.26724907 0.67341925
0.00000000 0.30924351 0.06779442 0.50682746 0.11613461
0.00000005 0.03435016 0.46837873 0.10554008 0.39173098
0.00000000 0.10773146 0.86470808 0.02375079 0.00380967
0.00000000 0.19597134 0.12009788 0.36591072 0.31802005
0.00000000 0.18872448 0.73554359 0.01582599 0.05990594
0.00000003 0.74381287 0.03649897 0.03108725 0.18860089
0.00000004 0.42020312 0.04791370 0.00174970 0.53013344
0.00000000 0.07571160 0.45627678 0.45724587 0.01076575
0.00000000 0.36908534 0.09914345 0.46966149 0.06210972
0.00000000 0.42108692 0.03081541 0.00330806 0.54478961
0.00000000 0.26856103 0.30229025 0.25016816 0.17898056
0.00000000 0.38434443 0.19266074 0.14077903 0.28221580
0.00000000 0.00029822 0.48607454 0.39910472 0.11452251
0.00000000 0.37282618 0.10588272 0.04296424 0.47832686
0.00000005 0.00537784 0.22940598 0.49560382 0.26961231
0.00000003 0.05586156 0.31788098 0.38680967 0.23944776
0.00000000 0.51489775 0.39133999 0.00112452 0.09263775
0.00000006 0.04523057 0.10007690 0.80531266 0.04937981
0.00000006 0.25672284 0.33352320 0.35816921 0.05158469
0.00000000 0.41613067 0.19465976 0.27003940 0.11917017
0.00000000 0.29138039 0.17894038 0.48682414 0.04285510
0.00000000 0.20355157 0.15198230 0.01759531 0.62687081
0.00000003 0.41027734 0.00014354 0.15636010 0.43321899
0.00000008 0.11163870 0.04707335 0.01747368 0.82381420
0.00000000 0.50030073 0.31664616 0.13725995 0.04579316
0.00000011 0.14562744 0.09705652 0.69605394 0.06126198
0.00000000 0.26169584 0.23030229 0.36156541 0.14643645
0.00000000 0.01448144 0.46372758 0.36379000 0.15800098
0.00000003 0.34730014 0.52249535 0.05639888 0.07380560
0.00000003 0.29404577 0.18954283 0.27660178 0.23980959
0.00000000 0.44574260 0.47606154 0.07014630 0.00804956
0.00000005 0.38666165 0.05746169 0.45147930 0.10439731
0.00000001 0.46778326 0.40556834 0.03626456 0.09038383
0.00000000 0.28908951 0.14267125 0.04198701 0.52625223
0.00000002 0.08977539 0.14612861 0.54008426 0.22401172
0.00000000 0.42606671 0.10397448 0.34502592 0.12493289
0.00000000 0.36041113 0.31467686 0.04869667 0.27621533
0.00000000 0.00012703 0.32842698 0.34206196 0.32938403
0.00000007 0.02386956 0.00069892 0.03220506 0.94322638
0.00000000 0.29778314 0.01350980 0.40073103 0.28797603
0.00000001 0.21131470 0.26511993 0.08656996 0.43699540
0.00000003 0.49435315 0.27567082 0.20319730 0.02677869
0.00000000 0.18686581 0.06910310 0.74354909 0.00048200
0.00000002 0.22575727 0.02966102 0.50941654 0.23516516
0.00000002 0.00895084 0.10350320 0.26077885 0.62676708
0.00000003 0.45574334 0.15557568 0.36697002 0.02171094
0.00000006 0.01779163 0.01326487 0.95976908 0.00917436
0.00000000 0.04039660 0.00273149 0.39673735 0.56013456
0.00000000 0.12424628 0.35778784 0.37306850 0.14489739
0.00000004 0.80920519 0.01226203 0.15934566 0.01918709
0.00000000 0.03273857 0.04574953 0.41286282 0.50864908
0.00000000 0.27175654 0.41015089 0.01998135 0.29811122
0.00000000 0.63928076 0.21997889 0.00220162 0.13853873
0.00000000 0.74924029 0.13409213 0.00654825 0.11011934
0.00000004 0.04990143 0.49856428 0.43847722 0.01305702
0.00000000 0.40954332 0.39854209 0.11568586 0.07622873
0.00000000 0.50463447 0.09701255 0.07173528 0.32661771
0.00000000 0.03274089 0.04936838 0.12853722 0.78935351
0.00000000 0.01046890 0.03005923 0.05714335 0.90232853
0.00000000 0.07675789 0.84472579 0.02178494 0.05673138
0.00000000 0.47932551 0.47817975 0.00315634 0.03933840
0.00000000 0.01378970 0.69559942 0.03401648 0.25659440
0.00000000 0.21646022 0.36734003 0.04782860 0.36837115
0.00000006 0.47908007 0.39282443 0.06755890 0.06053654
0.00000000 0.12648380 0.07036354 0.02400239 0.77915027
0.00000000 0.41255428 0.21115698 0.04724190 0.32904685
0.00000000 0.26037126 0.01843085 0.43940262 0.28179526
0.00000005 0.25464762 0.38152351 0.00015011 0.36367872
0.00000004 0.71628527 0.09258155 0.00191013 0.18922301
0.00000027 0.53561340 0.22468015 0.13141033 0.10829586
0.00000000 0.55685299 0.19602369 0.14619056 0.10093275
0.00000000 0.32535305 0.17296951 0.43636377 0.06531367
0.00000000 0.00106317 0.21368163 0.73086358 0.05439162
0.00000008 0.05496245 0.63474031 0.22172114 0.08857602
0.00000000 0.12181067 0.40422104 0.47323067 0.00073763
0.00000002 0.25852144 0.16047694 0.27420913 0.30679247
0.00000000 0.06490409 0.26650320 0.58437129 0.08422141
0.00000000 0.09183400 0.63855103 0.26635710 0.00325786
0.00000000 0.01723453 0.10320676 0.44772893 0.43182978
0.00000005 0.26658635 0.04235620 0.34472353 0.34633387
0.00000000 0.58050490 0.00087057 0.35909770 0.05952683
0.00000000 0.15577696 0.18951771 0.04980824 0.60489708
0.00000000 0.38490458 0.32827293 0.02431336 0.26250912
0.00000002 0.11595019 0.33770175 0.11614673 0.43020132
0.00000000 0.10393379 0.49258909 0.05976189 0.34371523
0.00000004 0.12125938 0.32874668 0.37015966 0.17983423
0.00000011 0.46437610 0.26547273 0.23218178 0.03796928
0.00000004 0.12797385 0.72694916 0.03088153 0.11419543
0.00000000 0.02778869 0.75329032 0.09942818 0.11949281
0.00000000 0.00041658 0.37170158 0.47921158 0.14867025
0.00000000 0.24276615 0.32090703 0.38397424 0.05235257
0.00000000 0.12369145 0.27811789 0.27390521 0.32428545
0.00000004 0.42090364 0.08102972 0.14409136 0.35397525
0.00000000 0.71726021 0.01407269 0.26855686 0.00011024
0.00000000 0.03869492 0.09961739 0.55739494 0.30429274
0.00000003 0.66732820 0.11769583 0.08695307 0.12802287
0.00000007 0.00675817 0.13625727 0.15177283 0.70521166
0.00000004 0.00513990 0.45145322 0.00318530 0.54022154
0.00000000 0.20271865 0.00418401 0.37691843 0.41617891
0.00000000 0.44509595 0.50849391 0.04420221 0.00220793
0.00000000 0.09403979 0.40681266 0.41765155 0.08149601
0.00000002 0.35457799 0.58471730 0.04871146 0.01199322
0.00000014 0.35355156 0.26048348 0.14626998 0.23969485
0.00000026 0.01936700 0.61961691 0.29542438 0.06559145
0.00000000 0.32605797 0.33487353 0.01970565 0.31936285
0.00000000 0.08467677 0.62781588 0.27145064 0.01605671
0.00000008 0.52687327 0.05457056 0.00296833 0.41558777
0.00000004 0.08863329 0.30534531 0.39907445 0.20694691
0.00000000 0.10630795 0.18624128 0.44191948 0.26553129
0.00000000 0.17205468 0.75331624 0.00618196 0.06844712
0.00000000 0.49097040 0.19483163 0.12786119 0.18633678
0.00000004 0.40229320 0.35958051 0.21835213 0.01977411
0.00000000 0.00019940 0.04105828 0.47333344 0.48540888
0.00000005 0.38178849 0.00359523 0.31685458 0.29776164
0.00000000 0.20321057 0.58240326 0.13720976 0.07717641
0.00000004 0.19411594 0.03565000 0.47465934 0.29557468
0.00000009 0.04444497 0.53394680 0.00978632 0.41182182
0.00000005 0.00867580 0.18869129 0.29097307 0.51165979
0.00000000 0.13075223 0.03836860 0.26569003 0.56518913
0.00000000 0.07338600 0.13290898 0.50007384 0.29363118
0.00000004 0.21487219 0.11159198 0.24146809 0.43206771
0.00000004 0.50057654 0.00196150 0.13629023 0.36117169
0.00000002 0.32817109 0.28546442 0.24636342 0.14000105
0.00000000 0.00617771 0.29313502 0.01243806 0.68824921
0.00000000 0.00257458 0.48859602 0.44586913 0.06296026
0.00000003 0.38138922 0.23194152 0.00359849 0.38307073
0.00000003 0.08151885 0.22589907 0.24186718 0.45071488
0.00000005 0.80889616 0.18400308 0.00529641 0.00180430
0.00000000 0.10667599 0.46137375 0.36366120 0.06828907
0.00000005 0.00009320 0.09128772 0.51508879 0.39353024
0.00000000 0.10352652 0.32274492 0.30967076 0.26405781
0.00000000 0.07247072 0.19487213 0.73231509 0.00034206
0.00000001 0.25682519 0.00799126 0.33104878 0.40413476
0.00000000 0.37715736 0.14359515 0.29969934 0.17954815
0.00000000 0.41616790 0.00176237 0.34925861 0.23281112
0.00000003 0.24527748 0.21670273 0.28518891 0.25283084
0.00000005 0.54332045 0.04185676 0.04699505 0.36782769
0.00000006 0.00000792 0.09019626 0.24251776 0.66727800
0.00000000 0.04147452 0.57819439 0.35249425 0.02783684
0.00000014 0.00888832 0.10395140 0.66400004 0.22316010
0.00000000 0.06047225 0.14000539 0.46438155 0.33514081
0.00000000 0.06249697 0.32743925 0.06600428 0.54405950
0.00000001 0.00458250 0.73040025 0.10106976 0.16394749
0.00000007 0.44111542 0.04264772 0.04416528 0.47207151
0.00000004 0.09907141 0.27852652 0.54475860 0.07764343
0.00000001 0.03971925 0.74200318 0.07386523 0.14441234
0.00000000 0.10239710 0.01054342 0.57085095 0.31620853
0.00000004 0.14734038 0.32040444 0.00880631 0.52344883
0.00000000 0.16764761 0.51254335 0.00026086 0.31954819
0.00000008 0.09603778 0.00416524 0.53308263 0.36671427
0.00000000 0.00093199 0.51624319 0.41653725 0.06628758
0.00000000 0.33936412 0.34155448 0.28427492 0.03480648
0.00000000 0.17783242 0.02702347 0.64350822 0.15163589
0.00000000 0.35014640 0.24569352 0.06802463 0.33613545
0.00000000 0.53119588 0.09630275 0.33568645 0.03681491
0.00000006 0.04095207 0.00260298 0.06425001 0.89219489
0.00000000 0.14583634 0.24913210 0.28249450 0.32253706
