50000
0.12574045 0.21316576 0.25716905 0.26679514 0.13712960
0.22006919 0.09183598 0.22920185 0.22849252 0.23040047
0.23379396 0.19202654 0.16203351 0.20797551 0.20417048
0.23824733 0.18599414 0.19483663 0.20744302 0.17347888
0.25212776 0.15252493 0.16061947 0.21661112 0.21811671
0.23655381 0.23848420 0.20688964 0.15553670 0.16253566
0.21562935 0.23541762 0.21260101 0.11509378 0.22125825
0.19322310 0.20508566 0.27745502 0.18875481 0.13548140
0.19388283 0.20371024 0.17727337 0.21840754 0.20672601
0.18050035 0.27483708 0.11475042 0.23052927 0.19938288
0.12952155 0.13057545 0.26000611 0.23968275 0.24021414
0.23156543 0.20209118 0.23697062 0.17776533 0.15160745
0.13325434 0.24455382 0.21212016 0.22101708 0.18905461
0.23107630 0.13359161 0.17781240 0.19528569 0.26223400
0.27283267 0.14566875 0.15974297 0.24836467 0.17339095
0.19580656 0.13155253 0.21727605 0.14133105 0.31403381
0.16564246 0.25132526 0.21463227 0.13639650 0.23200351
0.24914957 0.21076504 0.11746279 0.13984017 0.28278243
0.14692009 0.19484005 0.26593894 0.18610056 0.20620035
0.21106183 0.18687799 0.17622614 0.22572302 0.20011101
0.21413585 0.25713299 0.17655803 0.15647981 0.19569331
0.19482771 0.21403469 0.23470251 0.19194078 0.16449432
0.22351021 0.15180948 0.24199923 0.15969930 0.22298178
0.27840972 0.18205430 0.17967150 0.16802159 0.19184289
0.15043678 0.20860763 0.24592444 0.22342972 0.17160142
0.20601684 0.21077514 0.12208251 0.21720282 0.24392271
0.24331220 0.22068547 0.17152723 0.16139208 0.20308301
0.26692661 0.20771080 0.17175219 0.15916990 0.19444050
0.18960962 0.26552338 0.17579670 0.14636043 0.22270988
0.21834139 0.23056408 0.10465012 0.18399798 0.26244642
0.23727134 0.17563927 0.21686007 0.19276201 0.17746730
0.13204255 0.20440036 0.28132167 0.20385385 0.17838157
0.28420089 0.22413015 0.19715995 0.07044638 0.22406263
0.13977726 0.19632553 0.24985752 0.20587873 0.20816096
0.17706323 0.27864741 0.19678155 0.09719939 0.25030842
0.25249628 0.27457259 0.17384244 0.12762798 0.17146071
0.17525583 0.20323071 0.19658038 0.21762345 0.20730963
0.17235532 0.23976956 0.15943321 0.23570070 0.19274120
0.26589588 0.16155133 0.18440096 0.13857300 0.24957882
0.21630185 0.18622358 0.21134275 0.21040492 0.17572691
0.17236471 0.21039498 0.15217976 0.21762678 0.24743378
0.24213996 0.22129620 0.14896921 0.18020681 0.20738782
0.18907015 0.27939458 0.23780124 0.10770205 0.18603199
0.21148881 0.23461168 0.18725036 0.15233822 0.21431093
0.20984341 0.19158058 0.25297576 0.16177797 0.18382228
0.18880774 0.20887967 0.24661101 0.10016943 0.25553214
0.17957790 0.25522168 0.20665379 0.20699898 0.15154764
0.19701463 0.18793502 0.22131077 0.20130330 0.19243628
0.22050497 0.18627146 0.21669747 0.17584968 0.20067642
0.16770136 0.17952529 0.26920630 0.22681111 0.15675594
0.17014876 0.16339217 0.27043160 0.21930096 0.17672650
0.16970188 0.21149426 0.16589718 0.23392208 0.21898460
0.18327929 0.21776229 0.26118355 0.12794278 0.20983210
0.24512549 0.19093358 0.27911847 0.16383782 0.12098463
0.24206321 0.23857880 0.19925365 0.15512055 0.16498379
0.15911042 0.23362866 0.19125202 0.25339378 0.16261513
0.18091700 0.23476917 0.23653666 0.20272658 0.14505060
0.15400830 0.28638138 0.16554133 0.20454008 0.18952892
0.18395276 0.18917776 0.18921504 0.14858438 0.28907006
0.25810717 0.17558534 0.20736629 0.20068866 0.15825255
0.13098602 0.34692618 0.15481612 0.19430666 0.17296502
0.22252129 0.14924558 0.15719816 0.24118326 0.22985170
0.17845640 0.20426411 0.16233870 0.17875618 0.27618461
0.22618857 0.24159931 0.23337375 0.18588355 0.11295482
0.15779074 0.24563166 0.18252804 0.21031533 0.20373423
0.15643028 0.13949320 0.27617649 0.19279255 0.23510748
0.23799411 0.18764173 0.17618669 0.19272571 0.20545175
0.24567985 0.09998278 0.27695572 0.13763550 0.23974615
0.18292695 0.21432183 0.27445040 0.12623769 0.20206314
0.17231294 0.17647702 0.22058823 0.22405243 0.20656937
0.19035501 0.15123047 0.26559979 0.22783372 0.16498102
0.18521841 0.14537083 0.25278090 0.19488945 0.22174041
0.16014292 0.25268359 0.19817238 0.23098770 0.15801341
0.12739844 0.26273173 0.18655025 0.17093613 0.25238345
0.24723074 0.14010554 0.22822474 0.18436306 0.20007592
0.11899724 0.29152650 0.20592789 0.16697835 0.21657003
0.17931691 0.16215387 0.20510807 0.24582049 0.20760067
0.24204039 0.20958965 0.20393071 0.17829288 0.16614639
0.24314704 0.23751695 0.15107255 0.23307394 0.13518951
0.22948238 0.15508568 0.22204884 0.21275146 0.18063164
0.20811217 0.14827267 0.21704239 0.20240619 0.22416658
0.21771085 0.13018722 0.20561017 0.27736458 0.16912718
0.24520177 0.15826798 0.19119126 0.19566386 0.20967513
0.19632934 0.16737988 0.21432638 0.18518450 0.23677990
0.14719089 0.28591111 0.15700759 0.18365624 0.22623417
0.23160534 0.18393600 0.23528981 0.17270586 0.17646299
0.23300856 0.17105985 0.17142187 0.22329358 0.20121614
0.18474294 0.26426135 0.27043363 0.12373941 0.15682266
0.20857684 0.13483612 0.21840938 0.26005594 0.17812171
0.12463298 0.22257114 0.22322865 0.15527989 0.27428734
0.28230297 0.25894128 0.12781507 0.15176923 0.17917144
0.20703408 0.18768394 0.17915658 0.23433530 0.19179009
0.13943165 0.20582825 0.22627034 0.22641537 0.20205438
0.25758177 0.14241479 0.20146766 0.17774876 0.22078702
0.13243490 0.27098034 0.14584159 0.17931305 0.27143012
0.22724722 0.26758925 0.16246846 0.11959298 0.22310209
0.22303166 0.15462862 0.27928307 0.15960538 0.18345127
0.17538845 0.10661989 0.24326857 0.29561524 0.17910784
0.22847288 0.19964835 0.20830766 0.14653313 0.21703797
0.19773206 0.16808414 0.27348146 0.21550511 0.14519723
0.14147878 0.22594627 0.27503512 0.12474273 0.23279709
0.22926725 0.16252043 0.16587833 0.22157750 0.22075649
0.18392746 0.19131402 0.21636277 0.20959128 0.19880447
0.23027135 0.14347406 0.19848139 0.20343911 0.22433408
0.20828309 0.16306691 0.21056751 0.18071678 0.23736572
0.18641283 0.22734378 0.19361427 0.20828168 0.18434743
0.17715595 0.19870731 0.12727604 0.20050863 0.29635208
0.19369898 0.21894473 0.19602093 0.18742711 0.20390825
0.25993000 0.21131233 0.21787524 0.15017152 0.16071091
0.16801277 0.20344564 0.25084558 0.14394661 0.23374940
0.15657744 0.17446509 0.22889484 0.19561630 0.24444633
0.18597368 0.21361378 0.22664766 0.15890473 0.21486014
0.21800050 0.15555552 0.19630772 0.19329486 0.23684141
0.23904619 0.18885452 0.24790890 0.22983312 0.09435727
0.26875319 0.15393635 0.24154983 0.14373186 0.19202877
0.18628669 0.19020626 0.29666881 0.19934768 0.12749055
0.20906082 0.19258610 0.20912525 0.17618178 0.21304605
0.19601356 0.19376623 0.18790136 0.23615959 0.18615926
0.19969779 0.17360732 0.13815315 0.22655622 0.26198552
0.26288054 0.15199367 0.16980941 0.20016088 0.21515550
0.22032344 0.17902069 0.20793652 0.17703005 0.21568930
0.18770517 0.21977105 0.18760878 0.20363491 0.20128009
0.26065947 0.15975941 0.17337176 0.19474408 0.21146529
0.20476155 0.19216548 0.15106861 0.25925895 0.19274541
0.19031448 0.12973383 0.22693619 0.24106900 0.21194649
0.11703220 0.24860916 0.24603776 0.21330355 0.17501733
0.20634213 0.24372659 0.14744415 0.20559353 0.19689360
0.15665193 0.10841636 0.28389892 0.19490381 0.25612898
0.18699459 0.20440277 0.22345630 0.21466681 0.17047953
0.20010018 0.16352742 0.21417516 0.21711833 0.20507890
0.17784145 0.21184112 0.16403296 0.16913917 0.27714530
0.22949536 0.14037736 0.25421972 0.18119890 0.19470866
0.17255513 0.21670257 0.13436688 0.15312943 0.32324598
0.25901126 0.14880771 0.17377942 0.22998015 0.18842144
0.19038343 0.24700263 0.18575744 0.17992203 0.19693447
0.19099233 0.23250765 0.14798160 0.18953058 0.23898785
0.14642067 0.24972225 0.20299061 0.19821052 0.20265596
0.22215187 0.23263982 0.25454675 0.17246093 0.11820062
0.19176644 0.25775149 0.20816674 0.12861344 0.21370189
0.25798588 0.12970757 0.23158193 0.20278378 0.17794084
0.18313863 0.13392050 0.25538875 0.19476498 0.23278714
0.32652641 0.08892912 0.21252709 0.16703978 0.20497760
0.24758294 0.05639081 0.21947866 0.20482764 0.27171995
0.21606323 0.18469123 0.17490356 0.18158112 0.24276086
0.24396672 0.16293407 0.19521564 0.21934014 0.17854343
0.17227768 0.19658748 0.27584548 0.16382863 0.19146074
0.28275783 0.15425596 0.17751887 0.16280164 0.22266569
0.08677269 0.20509050 0.18253177 0.26040641 0.26519863
0.24750467 0.17847802 0.21627322 0.16848808 0.18925601
0.25921230 0.22235973 0.13710957 0.20361937 0.17769903
0.23266426 0.23023534 0.17904346 0.18828608 0.16977087
0.14730867 0.27358995 0.15743921 0.19212357 0.22953860
0.18137346 0.11028648 0.27492640 0.29084708 0.14256658
0.20619275 0.22785464 0.24753586 0.21021473 0.10820202
0.18527195 0.25894951 0.21619042 0.14431726 0.19527087
0.17470980 0.22570223 0.21747911 0.21214145 0.16996741
0.24826655 0.21882953 0.18968941 0.19286046 0.15035405
0.15809383 0.22830289 0.19097781 0.17705341 0.24557206
0.21666669 0.25161590 0.18109831 0.12026645 0.23035265
0.20281449 0.17122467 0.15794510 0.23878094 0.22923481
0.23471362 0.20285667 0.20302471 0.17297848 0.18642653
0.22159290 0.19709486 0.16251439 0.18024422 0.23855363
0.27542901 0.19226175 0.15241771 0.18338201 0.19650952
0.17358195 0.16203842 0.23686339 0.21354306 0.21397318
0.23258956 0.12885980 0.26555718 0.24583688 0.12715658
0.20724869 0.18497374 0.23965973 0.20700828 0.16110955
0.23065895 0.19961797 0.11986032 0.22243022 0.22743254
0.10602072 0.28804125 0.16945466 0.30199482 0.13448855
0.26842475 0.15717362 0.12045773 0.21817581 0.23576809
0.16685137 0.25460523 0.21078148 0.14569762 0.22206430
0.16104792 0.22369985 0.23957577 0.15147767 0.22419879
0.29445602 0.21657439 0.11283984 0.17176339 0.20436636
0.23255097 0.30459358 0.07358139 0.17692907 0.21234499
0.24438303 0.21977508 0.13325911 0.18904477 0.21353801
0.24621325 0.20033588 0.22192292 0.18296424 0.14856371
0.19674059 0.22701350 0.15893673 0.22721834 0.19009085
0.20834218 0.19539399 0.23270608 0.18488802 0.17866973
0.21164080 0.21693957 0.20983888 0.21937795 0.14220279
0.29512504 0.21549723 0.18616704 0.17502622 0.12818447
0.17355753 0.22091339 0.17568847 0.21182569 0.21801492
0.21211600 0.17747386 0.22497588 0.21858513 0.16684913
0.16834459 0.25254000 0.15992212 0.16175304 0.25744025
0.09471691 0.31168233 0.26026454 0.24133301 0.09200321
0.21042372 0.13969458 0.21058124 0.18763748 0.25166298
0.16633898 0.18881098 0.16195127 0.20996931 0.27292947
0.27382909 0.26102608 0.15410240 0.13271453 0.17832791
0.20347122 0.19374359 0.25090448 0.13923489 0.21264582
0.19207403 0.23489538 0.22684560 0.19307027 0.15311472
0.26130927 0.15903443 0.15826109 0.18905776 0.23233746
0.12658851 0.20184121 0.20187651 0.25829291 0.21140086
0.27359747 0.13330059 0.14429407 0.22861393 0.22019393
0.15423581 0.19418109 0.16975484 0.29888147 0.18294679
0.15836939 0.28260974 0.17225464 0.24299487 0.14377137
0.14617724 0.27506599 0.14528480 0.20084036 0.23263161
0.23193450 0.26059979 0.21260167 0.16714105 0.12772299
0.18201080 0.12502440 0.24757065 0.23443221 0.21096194
0.25039529 0.16382242 0.22158382 0.18627325 0.17792523
0.22004587 0.15524686 0.20617433 0.20222662 0.21630631
0.17794724 0.15357252 0.22835796 0.16651083 0.27361145
0.17666420 0.25169366 0.13310409 0.20989001 0.22864804
0.17762492 0.21049260 0.20162703 0.21370942 0.19654602
0.27795006 0.14568736 0.19328627 0.13289519 0.25018111
0.20243016 0.07250508 0.21251066 0.23155626 0.28099783
0.23754673 0.20787057 0.16202081 0.23559104 0.15697085
0.12200177 0.19896073 0.23322050 0.25505804 0.19075897
0.13726224 0.32381002 0.19128843 0.16865417 0.17898515
0.20273154 0.16530589 0.21461722 0.17280067 0.24454468
0.25408940 0.15074763 0.23936250 0.17330382 0.18249665
0.23074487 0.25150924 0.15893511 0.21708366 0.14172712
0.21045108 0.18485355 0.25418181 0.06784066 0.28267290
0.32123273 0.21992526 0.14371952 0.12844532 0.18667716
0.17960052 0.25227307 0.13376461 0.26502381 0.16933799
0.22251408 0.09589146 0.21030923 0.18439061 0.28689462
0.19501046 0.28112277 0.12140929 0.17004456 0.23241292
0.16107894 0.13065613 0.24923946 0.20688704 0.25213843
0.14939420 0.20713064 0.18439869 0.19092358 0.26815289
0.14223038 0.26211649 0.22118811 0.20521296 0.16925206
0.22865800 0.22534586 0.14700652 0.17293728 0.22605234
0.23646701 0.21175058 0.24230493 0.13648043 0.17299704
0.22757596 0.20225183 0.13584308 0.21318344 0.22114570
0.25305052 0.18438242 0.18363130 0.19770098 0.18123479
0.26788121 0.19978607 0.16538040 0.22045344 0.14649887
0.21433695 0.24465182 0.14580324 0.22188838 0.17331962
0.21275743 0.24475821 0.16231270 0.12235113 0.25782053
0.17284782 0.25250183 0.21562583 0.23560284 0.12342168
0.19693278 0.22642238 0.19868930 0.14475122 0.23320432
0.16826714 0.24504278 0.22110997 0.14346090 0.22211921
0.17226019 0.27566402 0.16622981 0.15240422 0.23344176
0.18634961 0.16758717 0.17233192 0.25606759 0.21766371
0.20965393 0.17595457 0.10661209 0.28854586 0.21923356
0.21176135 0.16090561 0.18469814 0.21073864 0.23189625
0.20137143 0.21753549 0.19177975 0.20797272 0.18134060
0.28907749 0.21188240 0.16334669 0.11173872 0.22395470
0.18240647 0.18609831 0.15236904 0.25042600 0.22870017
0.25354419 0.17255875 0.24971772 0.19438521 0.12979413
0.19934836 0.19191867 0.23978728 0.19249923 0.17644646
0.18529320 0.26109042 0.19432749 0.19009181 0.16919708
0.18101283 0.22235837 0.23812774 0.17604670 0.18245435
0.24891512 0.23549935 0.20812106 0.14833377 0.15913071
0.22042660 0.20128821 0.16074133 0.25367445 0.16386942
0.18354981 0.24720459 0.19216168 0.18241816 0.19466576
0.20452739 0.08731146 0.27001672 0.26949230 0.16865212
0.27158687 0.20605261 0.11170881 0.21164623 0.19900547
0.25049406 0.17565671 0.15201586 0.18327192 0.23856146
0.16584510 0.24414296 0.23651204 0.17334663 0.18015327
0.21956767 0.22043042 0.14595054 0.21763513 0.19641624
0.15755164 0.16823488 0.20957475 0.28193456 0.18270417
0.14740625 0.23534133 0.22335382 0.23353788 0.16036072
0.24427076 0.18310859 0.18218615 0.18044128 0.20999321
0.21514316 0.16663603 0.24316006 0.18714466 0.18791610
0.24150140 0.19907770 0.15262168 0.20183506 0.20496417
0.24025821 0.13178710 0.25422936 0.15774091 0.21598442
0.23349352 0.23704988 0.11890864 0.19822266 0.21232530
0.18911954 0.22309437 0.23503218 0.13505541 0.21769849
0.24656514 0.19650921 0.18303585 0.14981807 0.22407172
0.28349598 0.21577215 0.22372930 0.13857971 0.13842286
0.14530909 0.19837022 0.17974818 0.25263568 0.22393683
0.23922614 0.19608491 0.16479317 0.27611248 0.12378330
0.24781451 0.16748957 0.24170151 0.22974173 0.11325268
0.26286030 0.21007971 0.14515469 0.17522601 0.20667928
0.18742465 0.18311297 0.20966936 0.18983505 0.22995797
0.21635591 0.16618886 0.24135956 0.19732179 0.17877388
0.18274292 0.18509486 0.24004699 0.16596999 0.22614523
0.17757654 0.21007476 0.19980039 0.22225682 0.19029149
0.22112386 0.18104158 0.19691521 0.20505531 0.19586404
0.09729366 0.16243683 0.20972460 0.27665426 0.25389064
0.21447562 0.17045932 0.20091528 0.17370904 0.24044073
0.14451757 0.22045069 0.17868458 0.26064296 0.19570419
0.26137157 0.16281758 0.20362369 0.15533085 0.21685631
0.33995218 0.21246633 0.23524844 0.16359070 0.04874235
0.17471743 0.18350670 0.20255982 0.14929690 0.28991914
0.21585890 0.21932637 0.16254697 0.19738687 0.20488090
0.18031370 0.18442038 0.24184571 0.21578803 0.17763218
0.18774567 0.13864082 0.20944827 0.25986472 0.20430051
0.17379697 0.16639216 0.24132219 0.22992847 0.18856021
0.21572084 0.18419761 0.19388057 0.20864962 0.19755136
0.23601178 0.15375665 0.24999408 0.12995839 0.23027910
0.14988604 0.15581789 0.25630047 0.21225752 0.22573807
0.19646984 0.15751918 0.21989055 0.23999984 0.18612059
0.20624756 0.18351206 0.17105501 0.18952916 0.24965621
0.13612631 0.22008650 0.15006425 0.20681542 0.28690753
0.15546311 0.27727893 0.26353906 0.14712330 0.15659560
0.13772848 0.30211568 0.16894704 0.20669141 0.18451738
0.13610973 0.24243804 0.22597179 0.24884680 0.14663364
0.17974811 0.22565223 0.18461052 0.19648927 0.21349987
0.12482195 0.27893074 0.24142291 0.16305370 0.19177070
0.22583067 0.21282499 0.22095697 0.18637584 0.15401154
0.22211394 0.16183651 0.19741297 0.21454983 0.20408675
0.18956925 0.17411534 0.23430240 0.26821280 0.13380021
0.13531329 0.20718396 0.21394092 0.21060440 0.23295742
0.22535568 0.19113670 0.16539498 0.21190993 0.20620271
0.23110572 0.18113943 0.25058747 0.14079076 0.19637662
0.24644397 0.21194815 0.16203681 0.17270093 0.20687015
0.20488679 0.22685903 0.17612606 0.18263686 0.20949125
0.24446858 0.22523572 0.17887336 0.16950685 0.18191549
0.19095512 0.22438331 0.23899580 0.12400001 0.22166576
0.17869123 0.16818078 0.23741586 0.21717222 0.19853990
0.15811451 0.21695350 0.18395940 0.24272329 0.19824930
0.23501428 0.12465866 0.21475118 0.22653917 0.19903671
0.27552315 0.24573830 0.14240671 0.19041994 0.14591191
0.19414071 0.22451244 0.12101987 0.18108241 0.27924456
0.21581008 0.21776112 0.22906690 0.20477516 0.13258674
0.17991575 0.17572358 0.29966213 0.13298110 0.21171744
0.19166230 0.20235900 0.25724622 0.16730621 0.18142627
0.24286389 0.26499292 0.18784060 0.09410834 0.21019424
0.16510738 0.18576554 0.27899456 0.19456232 0.17557019
0.20671583 0.24652919 0.22355990 0.19264454 0.13055054
0.21976005 0.25124571 0.13815758 0.21488395 0.17595271
0.20165615 0.19144792 0.18496342 0.21356510 0.20836741
0.17289866 0.20628795 0.25656910 0.17762210 0.18662219
0.15379578 0.22106654 0.22668223 0.18404529 0.21441017
0.09746468 0.21564729 0.08856104 0.31264285 0.28568414
0.16576668 0.11792382 0.15667514 0.30102393 0.25861043
0.20156251 0.19531379 0.21943178 0.17846585 0.20522606
0.22163153 0.18415253 0.23834600 0.16858819 0.18728175
0.13260870 0.28800813 0.18226807 0.21264055 0.18447455
0.18713609 0.19849117 0.23593095 0.20843150 0.17001029
0.23737426 0.18353661 0.18822895 0.15423393 0.23662625
0.25603188 0.13931367 0.25237787 0.15094546 0.20133113
0.27282681 0.18953360 0.12876125 0.16669914 0.24217919
0.15295047 0.22525536 0.14668598 0.10592970 0.36917849
0.19925931 0.22560016 0.20695410 0.23240511 0.13578132
0.15133387 0.17206733 0.19826559 0.26473280 0.21360041
0.30980177 0.15760660 0.17220203 0.21053824 0.14985136
0.17666382 0.20585473 0.18155725 0.23614249 0.19978171
0.25080723 0.23727607 0.20448808 0.20301784 0.10441078
0.25310768 0.28726684 0.13407540 0.13459029 0.19095978
0.24020667 0.16442215 0.26219943 0.17304026 0.16013149
0.18766865 0.20089538 0.21607986 0.18934772 0.20600839
0.22234052 0.18862843 0.17265027 0.21457701 0.20180378
0.22047523 0.25705444 0.15737662 0.22984185 0.13525186
0.22374842 0.23048231 0.23741451 0.20876033 0.09959443
0.14783515 0.20412482 0.19652359 0.21870230 0.23281414
0.18305705 0.17024594 0.16973392 0.25864645 0.21831664
0.18962418 0.14932545 0.19075244 0.21718458 0.25311335
0.13552826 0.19400410 0.20786174 0.19319938 0.26940653
0.24972884 0.17983168 0.16593575 0.23668158 0.16782215
0.18423080 0.18536765 0.16573664 0.25012694 0.21453797
0.19096291 0.23199516 0.22574419 0.19937608 0.15192166
0.20486609 0.21082465 0.18760764 0.18966658 0.20703503
0.25679729 0.17254140 0.19994515 0.16067823 0.21003794
0.20093113 0.15229535 0.19874754 0.22728852 0.22073746
0.19544842 0.23086391 0.21026547 0.20347129 0.15995092
0.20606615 0.22794545 0.21101473 0.22299472 0.13197895
0.16361210 0.22627978 0.19815734 0.24440061 0.16755017
0.19823563 0.15535357 0.23188532 0.22464376 0.18988173
0.22116861 0.21027780 0.22093283 0.15285701 0.19476375
0.25134633 0.13502932 0.18398993 0.25585072 0.17378370
0.20548991 0.21413000 0.15858156 0.23205664 0.18974189
0.18475428 0.26014198 0.19672425 0.10955510 0.24882439
0.22426390 0.24404734 0.09603768 0.26226097 0.17339011
0.23772162 0.18106911 0.17916854 0.22224783 0.17979291
0.21625868 0.18688985 0.15887530 0.17154083 0.26643535
0.19003356 0.15692584 0.21408677 0.20177757 0.23717626
0.19158741 0.07448122 0.26389906 0.25919768 0.21083463
0.20565262 0.14317662 0.26690966 0.19093737 0.19332373
0.21765268 0.22870684 0.22329617 0.16680722 0.16353710
0.24008304 0.16687928 0.14774829 0.28159197 0.16369741
0.17881469 0.24815631 0.17187295 0.19283018 0.20832587
0.24938797 0.18453358 0.20295812 0.18769247 0.17542787
0.16121070 0.20590901 0.21255582 0.20052382 0.21980066
0.22897696 0.17801242 0.22082546 0.15456287 0.21762230
0.21147653 0.19896463 0.21080724 0.18567179 0.19307982
0.20284545 0.23011603 0.17053444 0.19565459 0.20084948
0.24680065 0.15601571 0.20718535 0.21660388 0.17339441
0.16837632 0.22939703 0.17676393 0.21329189 0.21217083
0.23445814 0.18359194 0.16748783 0.19912324 0.21533886
0.19952703 0.25353870 0.13896710 0.19682606 0.21114111
0.16404399 0.16110506 0.21102882 0.18369633 0.28012580
0.20565392 0.15337886 0.23801140 0.20216897 0.20078686
0.20718755 0.23942727 0.22449348 0.19800757 0.13088413
0.21985289 0.24908508 0.20110605 0.14588959 0.18406640
0.26694564 0.15070012 0.19727131 0.20517954 0.17990339
0.16679481 0.16011127 0.19195737 0.23703605 0.24410051
0.21662964 0.21660791 0.20163781 0.21379295 0.15133168
0.17798138 0.16642871 0.27347651 0.12342518 0.25868822
0.21477673 0.21409207 0.10475581 0.27341149 0.19296390
0.15180018 0.20950602 0.18866075 0.24647663 0.20355641
0.23294640 0.23487693 0.12909119 0.16161358 0.24147190
0.18955201 0.20362223 0.14603493 0.26553633 0.19525449
0.22618368 0.16319795 0.23365151 0.18270389 0.19426297
0.25745500 0.26147687 0.12634418 0.18719098 0.16753298
0.27891489 0.24493550 0.14117126 0.15057568 0.18440267
0.18137297 0.23920895 0.23134391 0.17176787 0.17630630
0.19161468 0.19139901 0.19305937 0.16779096 0.25613599
0.18166855 0.21284897 0.22218595 0.21967657 0.16361995
0.17072489 0.16547216 0.19525082 0.23893260 0.22961953
0.18223561 0.22081681 0.15849502 0.15430028 0.28415228
0.08558692 0.24936146 0.12394173 0.27182356 0.26928632
0.22117313 0.24696683 0.15547499 0.21204706 0.16433799
0.13282849 0.26476421 0.13808266 0.26346968 0.20085496
0.23261314 0.16520202 0.18431904 0.19233028 0.22553551
0.22021146 0.19038067 0.20664121 0.20625766 0.17650900
0.18853561 0.23851595 0.16378032 0.18506020 0.22410792
0.13908839 0.19864146 0.19109665 0.16130592 0.30986758
0.16917691 0.15313005 0.20960998 0.20849248 0.25959059
0.22658546 0.10815433 0.19123065 0.27050906 0.20352050
0.15196813 0.22879563 0.19006901 0.22104600 0.20812124
0.23021012 0.23585859 0.19768549 0.18792856 0.14831724
0.17194262 0.20422175 0.21071234 0.16244373 0.25067956
0.19995303 0.20626641 0.24801729 0.17597655 0.16978672
0.21355869 0.15821966 0.18371178 0.20169908 0.24281079
0.16603868 0.15763664 0.21073480 0.26417253 0.20141735
0.21037455 0.19107358 0.23379904 0.18879597 0.17595685
0.21517407 0.17075286 0.20133333 0.26506576 0.14767398
0.15833289 0.20261316 0.21949846 0.22515074 0.19440475
0.15680853 0.17280935 0.20739684 0.25091251 0.21207276
0.21810890 0.25983819 0.24107446 0.11851801 0.16246043
0.18064296 0.11847103 0.24730280 0.23816552 0.21541769
0.17349669 0.25968124 0.18339893 0.15464600 0.22877714
0.25013390 0.19832299 0.24619533 0.13284346 0.17250432
0.20286827 0.21167122 0.23181424 0.19392211 0.15972416
0.22079092 0.19477479 0.20422956 0.18040606 0.19979867
0.19691736 0.21222673 0.20993048 0.21248247 0.16844297
0.14976856 0.19367623 0.27462330 0.24671202 0.13521988
0.22123083 0.22566401 0.23844342 0.10525859 0.20940315
0.22693742 0.12727623 0.23608069 0.23070404 0.17900162
0.16890207 0.23209591 0.22090250 0.17426768 0.20383184
0.23256401 0.16478575 0.18294782 0.14748138 0.27222105
0.20023110 0.19845186 0.22903854 0.12958620 0.24269230
0.21538082 0.16154464 0.26705291 0.14284490 0.21317673
0.17012539 0.18377643 0.24461045 0.26735220 0.13413552
0.20726703 0.08846776 0.22936235 0.22148697 0.25341588
0.16762306 0.21355602 0.16571382 0.21868080 0.23442629
0.25542117 0.21517821 0.22850130 0.16556678 0.13533254
0.20969212 0.15614285 0.18919147 0.22450478 0.22046878
0.19176358 0.28144877 0.17056596 0.23109303 0.12512866
0.20593112 0.20486231 0.20427398 0.16360577 0.22132683
0.18795089 0.21352200 0.15896213 0.24007711 0.19948787
0.26685392 0.24895133 0.14777471 0.18361270 0.15280735
0.17720199 0.24930891 0.17543751 0.20380463 0.19424696
0.19556923 0.16678133 0.24354412 0.19035218 0.20375314
0.16562707 0.19769327 0.26301406 0.17617395 0.19749166
0.27007099 0.14995346 0.13464875 0.22122782 0.22409899
0.25535930 0.21025492 0.24413780 0.14122052 0.14902746
0.14134213 0.17783075 0.16597434 0.23330009 0.28155270
0.25919956 0.14449096 0.17046454 0.21734711 0.20849783
0.15460567 0.20073542 0.21212851 0.17967275 0.25285766
0.18345797 0.22168435 0.15331374 0.15242660 0.28911733
0.18412529 0.27090010 0.20500627 0.16683573 0.17313262
0.11124519 0.27644670 0.20817782 0.21144860 0.19268169
0.15503514 0.23957296 0.20492533 0.20710008 0.19336649
0.21886276 0.12533578 0.17770342 0.22471333 0.25338471
0.24776640 0.22349093 0.16534915 0.16044163 0.20295189
0.18000880 0.16596269 0.19604036 0.20650440 0.25148375
0.08154135 0.22313547 0.18774784 0.22697215 0.28060318
0.29523147 0.14249958 0.18185713 0.21108928 0.16932254
0.15820714 0.19222149 0.15058201 0.33648349 0.16250587
0.21454156 0.17697376 0.17919607 0.23221804 0.19707057
0.14868395 0.23581452 0.20777688 0.15409205 0.25363261
0.19334906 0.27506954 0.17672862 0.17143555 0.18341724
0.19292208 0.15035471 0.21393633 0.23621504 0.20657184
0.25153337 0.17725334 0.15344824 0.16560637 0.25215868
0.17584072 0.20936663 0.15948772 0.19870486 0.25660006
0.18890078 0.18595579 0.17435673 0.26860847 0.18217823
0.21444046 0.14118009 0.23241743 0.18595217 0.22600985
0.25568380 0.07849449 0.11970496 0.22882991 0.31728683
0.16600752 0.17566017 0.20762148 0.23248234 0.21822849
0.21857370 0.21770200 0.18276051 0.17986838 0.20109541
0.23512927 0.20656664 0.18494727 0.15640494 0.21695188
0.17195354 0.24024434 0.18779883 0.18229116 0.21771212
0.18197220 0.22323207 0.14031839 0.22861648 0.22586086
0.24049990 0.19487831 0.17917531 0.19571493 0.18973155
0.17421781 0.20433067 0.19739233 0.20398214 0.22007705
0.20253839 0.15806767 0.23177960 0.24316527 0.16444908
0.15021122 0.17719295 0.24793471 0.22271829 0.20194283
0.16956078 0.24242905 0.20638942 0.16897981 0.21264094
0.11911365 0.24967347 0.17257317 0.16930197 0.28933774
0.17565148 0.27204457 0.18485930 0.23190588 0.13553877
0.19369523 0.29309898 0.19683988 0.13786820 0.17849771
0.32955712 0.17091806 0.15173805 0.21056478 0.13722198
0.15418153 0.19669758 0.14756733 0.26224482 0.23930875
0.21344864 0.22483032 0.17350443 0.18472863 0.20348799
0.15140447 0.17021371 0.14440132 0.25939211 0.27458840
0.23419297 0.19510040 0.15724816 0.18069592 0.23276255
0.24423604 0.21791516 0.18598246 0.17129133 0.18057502
0.21906432 0.11845937 0.19273262 0.22213852 0.24760518
0.16118626 0.23293038 0.22674619 0.18001103 0.19912613
0.14884178 0.21563738 0.21833062 0.23857793 0.17861229
0.16343401 0.23986055 0.18272067 0.22753608 0.18644869
0.14282288 0.18388334 0.24346116 0.20493777 0.22489484
0.13355155 0.19742451 0.21635114 0.26275742 0.18991539
0.19494028 0.18544413 0.19675763 0.26319653 0.15966143
0.26313031 0.20997162 0.24951319 0.08327836 0.19410652
0.20893897 0.22141255 0.11842203 0.19981848 0.25140797
0.19316102 0.20683680 0.21489109 0.20972031 0.17539077
0.10164137 0.23587584 0.24226850 0.25065306 0.16956123
0.15645299 0.14647210 0.28549968 0.17755413 0.23402110
0.14341014 0.23714202 0.18686879 0.25058790 0.18199114
0.19276478 0.17361315 0.17885569 0.22559848 0.22916790
0.27140146 0.22327875 0.17831614 0.16243355 0.16457011
0.26101848 0.09947625 0.20205668 0.20175078 0.23569781
0.22245906 0.14555011 0.19358033 0.22230919 0.21610131
0.22977889 0.27513981 0.13021089 0.19060302 0.17426739
0.21580671 0.22922080 0.18868184 0.20160562 0.16468504
0.25013041 0.22680899 0.13614791 0.11886766 0.26804504
0.20968922 0.20935369 0.21522948 0.21973817 0.14598943
0.16425188 0.22719386 0.22906776 0.19249384 0.18699266
0.20130771 0.07879860 0.26775683 0.23285512 0.21928174
0.22798278 0.25635994 0.15254634 0.16449281 0.19861813
0.25767865 0.27407860 0.18102519 0.19796022 0.08925733
0.16889536 0.27491049 0.18075494 0.21776886 0.15767035
0.11208634 0.18269684 0.23846184 0.14249229 0.32426269
0.24581620 0.16387577 0.21378223 0.20719215 0.16933365
0.22347780 0.22267664 0.12444201 0.15884945 0.27055410
0.12932810 0.20988897 0.22051787 0.16836954 0.27189552
0.15060442 0.22432424 0.21802721 0.24916983 0.15787430
0.14741864 0.17664664 0.18697921 0.24416366 0.24479186
0.20918203 0.23934733 0.19259842 0.16269691 0.19617530
0.17126731 0.25964725 0.15665545 0.19946652 0.21296348
0.21000420 0.22616429 0.24468263 0.12613885 0.19301003
0.21627987 0.10046877 0.18439363 0.29428244 0.20457529
0.19741457 0.19095161 0.24447995 0.15847599 0.20867787
0.22331228 0.16991252 0.21618123 0.17553246 0.21506151
0.22997389 0.14439624 0.24100364 0.20156793 0.18305829
0.19376468 0.22229142 0.12009595 0.23174395 0.23210399
0.21606854 0.20386649 0.20488945 0.19724377 0.17793175
0.21929004 0.15860681 0.12806443 0.22346708 0.27057164
0.19214160 0.17919862 0.21836230 0.17174399 0.23855349
0.18415830 0.16956596 0.24169927 0.20513068 0.19944579
0.25760601 0.22589603 0.19305240 0.14808213 0.17536343
0.23457629 0.13609123 0.16122618 0.19732029 0.27078602
0.21336411 0.19316663 0.22839066 0.24561900 0.11945961
0.15490218 0.28007929 0.19081599 0.16380564 0.21039690
0.09221383 0.25184433 0.23545106 0.24482104 0.17566974
0.19375273 0.23486984 0.18378655 0.16133473 0.22625616
0.23661043 0.16789102 0.20881622 0.17970291 0.20697942
0.12621581 0.19257153 0.19296342 0.28855846 0.19969079
0.24619433 0.12976674 0.15689746 0.17888053 0.28826094
0.17107961 0.21287302 0.19938858 0.25157295 0.16508583
0.21518425 0.24927032 0.20848755 0.19021513 0.13684275
0.23658368 0.23147075 0.17336998 0.20012267 0.15845292
0.26398419 0.22992322 0.13781005 0.20600090 0.16228164
0.14996964 0.23401608 0.17876096 0.22399743 0.21325590
0.20486077 0.21497043 0.21454543 0.16692824 0.19869513
0.24798151 0.21952526 0.16754310 0.13986933 0.22508080
0.18262513 0.24742806 0.15822217 0.18096672 0.23075793
0.19400958 0.32711234 0.17464485 0.17436225 0.12987098
0.19647549 0.23899507 0.13558135 0.22059522 0.20835287
0.13627345 0.18327045 0.19473784 0.20781730 0.27790096
0.20080377 0.22306572 0.12634167 0.23158927 0.21819957
0.20174412 0.17933326 0.22219344 0.19306400 0.20366518
0.23420194 0.17705045 0.20369035 0.19387830 0.19117896
0.20950384 0.20798974 0.16155615 0.21732626 0.20362401
0.24724593 0.16396331 0.16093078 0.22908572 0.19877426
0.12447808 0.21859045 0.14197145 0.23530786 0.27965216
0.15069938 0.19291665 0.22205123 0.22086043 0.21347231
0.13181993 0.22416655 0.25127825 0.16824732 0.22448795
0.12670015 0.23559936 0.17888288 0.19144292 0.26737470
0.21916245 0.29143883 0.21046395 0.14343713 0.13549764
0.19067582 0.16291989 0.19666719 0.24511945 0.20461764
0.13408513 0.27534360 0.17661642 0.15119465 0.26276020
0.15997768 0.16170134 0.20643549 0.24233238 0.22955310
0.20053388 0.23183640 0.13572858 0.18977548 0.24212566
0.15273566 0.23128491 0.19730324 0.23725202 0.18142418
0.18458762 0.21189697 0.23771734 0.22681838 0.13897968
0.15045009 0.22033097 0.20208186 0.24261945 0.18451763
0.25480911 0.16513225 0.19154331 0.16979270 0.21872263
0.19788420 0.15360363 0.24524163 0.19828530 0.20498524
0.14405420 0.19191538 0.20385719 0.24957211 0.21060112
0.17778747 0.18922170 0.14661629 0.23022929 0.25614525
0.19757294 0.12590466 0.23142090 0.16770676 0.27739474
0.14563499 0.26289692 0.22397636 0.11260302 0.25488871
0.20390783 0.12797835 0.27340956 0.19085140 0.20385287
0.28595318 0.14934879 0.18507388 0.19531820 0.18430596
0.17661625 0.19579524 0.21238082 0.22207095 0.19313673
0.21849238 0.16974669 0.17747202 0.18673531 0.24755359
0.20370375 0.21159373 0.25533059 0.15316523 0.17620670
0.16746707 0.21972977 0.19395032 0.20782479 0.21102805
0.20277950 0.16932848 0.25503842 0.18302484 0.18982875
0.22467249 0.18975010 0.15851214 0.21026825 0.21679703
0.13892989 0.23811149 0.16377466 0.19897501 0.26020895
0.15790982 0.20677109 0.15838339 0.25819174 0.21874396
0.23458932 0.17269468 0.18698450 0.19444145 0.21129004
0.15141591 0.27442513 0.16502402 0.23748711 0.17164783
0.16509706 0.14572362 0.16384545 0.28093397 0.24439990
0.21933715 0.19964346 0.15014909 0.19109436 0.23977594
0.18768743 0.18837674 0.24796281 0.21017988 0.16579313
0.18431089 0.18608880 0.25622427 0.23355441 0.13982163
0.18488661 0.26563198 0.21475340 0.17157686 0.16315115
0.18623348 0.22142609 0.17848497 0.17709962 0.23675585
0.19299589 0.18492823 0.22735177 0.19470525 0.20001886
0.18827313 0.27614726 0.16318388 0.18397911 0.18841662
0.21885892 0.20661419 0.20699333 0.15659301 0.21094055
0.24331284 0.18487179 0.19871743 0.22747249 0.14562545
0.31545442 0.22493947 0.14438783 0.14925194 0.16596633
0.22281845 0.15508040 0.19594984 0.23581047 0.19034084
0.21256429 0.16938780 0.22771792 0.21319215 0.17713784
0.10648727 0.26453141 0.22851944 0.19662944 0.20383244
0.28331965 0.17751104 0.22951084 0.18242384 0.12723464
0.23640992 0.19180249 0.18895121 0.19114705 0.19168933
0.19557925 0.14628690 0.23650662 0.18519633 0.23643090
0.21128527 0.14691515 0.19971691 0.20853729 0.23354538
0.22654805 0.21306196 0.12533065 0.23510899 0.19995035
0.32165727 0.19489556 0.14558385 0.22154289 0.11632043
0.26190053 0.24336414 0.19296685 0.19519880 0.10656967
0.20244571 0.17837013 0.18339852 0.18963980 0.24614584
0.18044421 0.22810799 0.24047634 0.15993799 0.19103346
0.24894983 0.17780460 0.17777021 0.20190689 0.19356848
0.20138365 0.23854383 0.19308961 0.09174511 0.27523781
0.22805140 0.13787120 0.21201796 0.19833738 0.22372206
0.21736481 0.17544935 0.21176340 0.22883854 0.16658390
0.15456989 0.19054913 0.14807356 0.23558519 0.27122222
0.28223259 0.22276113 0.19331247 0.18788981 0.11380401
0.24517272 0.20394316 0.19504712 0.16483183 0.19100518
0.20890431 0.18947199 0.20814843 0.21095991 0.18251537
0.10244965 0.24326319 0.24103928 0.19237286 0.22087501
0.21904244 0.23358869 0.11773085 0.25110048 0.17853753
0.16985234 0.21681218 0.22889338 0.17862660 0.20581550
0.12803078 0.29919198 0.18265315 0.16872202 0.22140207
0.16670793 0.20596069 0.15452570 0.21096697 0.26183871
0.24065387 0.20690610 0.19852968 0.22221726 0.13169310
0.15294094 0.18254096 0.24728671 0.23529012 0.18194127
0.31287058 0.16060548 0.21312498 0.16993967 0.14345929
0.18527210 0.22883165 0.20841547 0.17759662 0.19988416
0.19206047 0.20277009 0.18190462 0.19600544 0.22725937
0.14042790 0.16611097 0.25471790 0.20634968 0.23239354
0.18808459 0.17642791 0.26033829 0.15664255 0.21850666
0.21403488 0.20329981 0.24218038 0.22781427 0.11267066
0.23738402 0.14871272 0.24786164 0.23313696 0.13290466
0.19464250 0.24493435 0.12223080 0.29455822 0.14363413
0.20518201 0.23814717 0.22507417 0.17400776 0.15758888
0.25911334 0.16551890 0.22431526 0.16630509 0.18474741
0.12656405 0.25780125 0.22325840 0.24968566 0.14269064
0.30230254 0.21403063 0.16804500 0.12198579 0.19363605
0.23506764 0.17434786 0.17075298 0.17550501 0.24432651
0.21932400 0.13340456 0.20181476 0.17633326 0.26912342
0.25443770 0.21392646 0.14429456 0.23457282 0.15276846
0.21575816 0.19481980 0.20641283 0.12719385 0.25581536
0.26869015 0.13960777 0.14491722 0.20048818 0.24629668
0.19811834 0.15725763 0.23449682 0.21179357 0.19833363
0.18893056 0.22505506 0.21506109 0.20436068 0.16659261
0.19557554 0.21248556 0.17212584 0.18860734 0.23120572
0.24120644 0.11957764 0.22579101 0.19341264 0.22001227
0.24004355 0.12844480 0.21964023 0.22537050 0.18650092
0.20838812 0.18978401 0.19737808 0.22222578 0.18222401
0.25548227 0.19802733 0.16382328 0.19586465 0.18680246
0.21156708 0.14337824 0.25492148 0.18210229 0.20803091
0.20773044 0.23289387 0.20249135 0.16024044 0.19664390
0.23300606 0.16293909 0.18240564 0.22328542 0.19836378
0.19012081 0.27733361 0.19495115 0.19864502 0.13894942
0.24756051 0.18275621 0.21657828 0.14089030 0.21221470
0.23312316 0.23855898 0.14381444 0.19844364 0.18605977
0.16622313 0.20954490 0.24913967 0.14440747 0.23068484
0.18853375 0.26518118 0.18041786 0.16314951 0.20271770
0.20998696 0.23155313 0.11232022 0.26151719 0.18462250
0.21597553 0.23939540 0.22218383 0.13293483 0.18951042
0.22769718 0.17849092 0.11992390 0.21592413 0.25796388
0.16712979 0.22103221 0.19899784 0.20235950 0.21048066
0.11052762 0.28115239 0.19385262 0.23765606 0.17681131
0.20244901 0.18594479 0.24235472 0.19420137 0.17505011
0.14612686 0.25163766 0.21555354 0.16203260 0.22464934
0.22988544 0.14475737 0.19814860 0.25269589 0.17451270
0.17951045 0.16534004 0.15307527 0.26355214 0.23852211
0.17907876 0.23368455 0.15540621 0.16663149 0.26519898
0.12489292 0.22894126 0.27547613 0.21512453 0.15556516
0.22364782 0.25881281 0.19307363 0.09839817 0.22606757
0.22464746 0.18752877 0.17228029 0.12831443 0.28722905
0.16050627 0.23900526 0.19190319 0.21755347 0.19103181
0.24715310 0.15049523 0.19705779 0.20225218 0.20304169
0.21258539 0.20942128 0.15642444 0.19174923 0.22981965
0.14861817 0.15597014 0.22886973 0.21494897 0.25159299
0.18929963 0.20476619 0.17175968 0.21278517 0.22138933
0.12252870 0.22285822 0.25609949 0.18201684 0.21649675
0.24758950 0.25921726 0.13614074 0.18995684 0.16709566
0.17604520 0.22612809 0.20686210 0.13666598 0.25429862
0.13930390 0.17737965 0.20065099 0.19759163 0.28507382
0.18043051 0.14811941 0.25833555 0.20922976 0.20388476
0.29135729 0.20164031 0.10407015 0.22083192 0.18210032
0.14223961 0.21170572 0.20182720 0.23120280 0.21302466
0.20305863 0.14469993 0.22763845 0.23168495 0.19291804
0.25447509 0.16850639 0.21007536 0.16965879 0.19728438
0.20495560 0.19063104 0.24503101 0.21294304 0.14643931
0.18770896 0.19414709 0.17569355 0.21293083 0.22951956
0.25927610 0.20945567 0.15049685 0.21838800 0.16238338
0.19356891 0.21088065 0.15979994 0.24944499 0.18630551
0.21020215 0.16396332 0.20735382 0.21060868 0.20787203
0.22425648 0.18667453 0.11907665 0.25882661 0.21116573
0.18853641 0.17004645 0.20340042 0.22591605 0.21210065
0.22423365 0.19425933 0.25762337 0.18949657 0.13438709
0.18405539 0.19061896 0.18790906 0.21593933 0.22147726
0.18219574 0.20183548 0.25494825 0.18667326 0.17434726
0.23962241 0.19882580 0.16052397 0.20966253 0.19136529
0.18737778 0.21052924 0.26960017 0.16072936 0.17176345
0.19241826 0.20020277 0.15135901 0.26236319 0.19365676
0.16610650 0.19682300 0.13923739 0.19076431 0.30706881
0.10086421 0.18369729 0.17985830 0.30663243 0.22894777
0.20022549 0.22278279 0.16335064 0.19746426 0.21617682
0.25634962 0.16073650 0.16194790 0.20089538 0.22007060
0.18922845 0.18449074 0.19073623 0.20240653 0.23313806
0.17834925 0.17899415 0.18350779 0.23015896 0.22898986
0.20425609 0.18729180 0.21301765 0.16505734 0.23037712
0.18142139 0.17357685 0.27953127 0.22392885 0.14154164
0.18822030 0.25729055 0.17740776 0.22864183 0.14843956
0.17863147 0.21292968 0.19703669 0.23766128 0.17374088
0.19992913 0.19834247 0.18101072 0.22127172 0.19944596
0.27116022 0.19899711 0.20124896 0.15246327 0.17613044
0.16927740 0.22801885 0.18006820 0.22815682 0.19447874
0.15894235 0.21221003 0.15154427 0.25943391 0.21786944
0.17865726 0.20665400 0.21975207 0.17089486 0.22404180
0.21536752 0.13893414 0.20227152 0.20678940 0.23663742
0.24611099 0.21646122 0.19034563 0.14022545 0.20685670
0.26564725 0.19452339 0.14120104 0.14722089 0.25140744
0.17849841 0.24889105 0.24169013 0.16040284 0.17051757
0.23742194 0.14055731 0.25198187 0.18843496 0.18160392
0.18549942 0.21871017 0.24978720 0.19111699 0.15488622
0.18305707 0.13011108 0.15191861 0.27560799 0.25930525
0.19912471 0.13683159 0.22455950 0.20059740 0.23888681
0.13779898 0.21099082 0.24334159 0.26088798 0.14698063
0.07664316 0.28803748 0.22667560 0.19951654 0.20912723
0.20616515 0.21726920 0.19651712 0.18748566 0.19256287
0.18506223 0.23607744 0.20999913 0.21958515 0.14927604
0.20268429 0.12435788 0.21689298 0.16967834 0.28638652
0.15235307 0.21311116 0.20992302 0.19987413 0.22473862
0.21821959 0.19778286 0.26628243 0.13393754 0.18377757
0.17450273 0.19583281 0.12964172 0.21741808 0.28260466
0.15901323 0.11771677 0.24880437 0.27464918 0.19981645
0.17716473 0.23001185 0.22878277 0.17296188 0.19107877
0.17311020 0.14317514 0.19908217 0.23762777 0.24700471
0.16902646 0.16830465 0.25224577 0.21585791 0.19456520
0.14069807 0.22428211 0.22140629 0.19135781 0.22225572
0.20627268 0.21695661 0.22876563 0.22649554 0.12150954
0.17083558 0.16561169 0.26931598 0.21883072 0.17540603
0.20068536 0.18758862 0.13657532 0.29414788 0.18100282
0.29942670 0.19217522 0.20374283 0.12612909 0.17852616
0.22635884 0.12567653 0.19057442 0.22148062 0.23590959
0.18012379 0.31855955 0.11669730 0.21004591 0.17457346
